a -1 -1 -10 
a -1 -1 -9 
a -1 -1 -8 
a -1 -1 -7 
a -1 -1 -6 
a -1 -1 -5 
a 0 -1 -10 
a 1 -1 -10 
a 2 -1 -10 
a 3 -1 -10 
a 4 -1 -10 
a 0 -1 -9 
a 1 -1 -9 
a 2 -1 -9 
a 3 -1 -9 
a 4 -1 -9 
a 5 -1 -9 
a 6 -1 -9 
a 7 -1 -9 
a 8 -1 -9 
a 9 -1 -9 
a 10 -1 -9 
a 11 -1 -9 
a 12 -1 -9 
a 0 -1 -8 
a 1 -1 -8 
a 2 -1 -8 
a 3 -1 -8 
a 4 -1 -8 
a 5 -1 -8 
a 6 -1 -8 
a 7 -1 -8 
a 8 -1 -8 
a 9 -1 -8 
a 10 -1 -8 
a 11 -1 -8 
a 12 -1 -8 
a 0 -1 -7 
a 1 -1 -7 
a 2 -1 -7 
a 3 -1 -7 
a 4 -1 -7 
a 5 -1 -7 
a 6 -1 -7 
a 7 -1 -7 
a 8 -1 -7 
a 9 -1 -7 
a 10 -1 -7 
a 11 -1 -7 
a 12 -1 -7 
a 0 -1 -6 
a 1 -1 -6 
a 2 -1 -6 
a 3 -1 -6 
a 4 -1 -6 
a 5 -1 -6 
a 6 -1 -6 
a 7 -1 -6 
a 8 -1 -6 
a 9 -1 -6 
a 10 -1 -6 
a 11 -1 -6 
a 12 -1 -6 
a 0 -1 -5 
a 1 -1 -5 
a 2 -1 -5 
a 3 -1 -5 
a 4 -1 -5 
a 5 -1 -5 
a 6 -1 -5 
a 7 -1 -5 
a 8 -1 -5 
a 9 -1 -5 
a 10 -1 -5 
a 11 -1 -5 
a 12 -1 -5 
a 10 -1 -4 
a 11 -1 -4 
a 12 -1 -4 
a 10 -1 -3 
k 11 -1 -3 
a 12 -1 -3 
a 10 -1 -2 
a 11 -1 -2 
a 12 -1 -2 
a -1 0 -10 
a -1 0 -9 
a -1 0 -8 
a -1 0 -7 
a -1 0 -6 
a -1 0 -5 
a -1 1 -10 
a -1 1 -9 
a -1 1 -8 
a -1 1 -7 
a -1 1 -6 
a -1 1 -5 
a -1 2 -10 
a -1 2 -9 
a -1 2 -8 
a -1 2 -7 
a -1 2 -6 
a -1 2 -5 
a -1 3 -10 
a -1 3 -9 
a -1 3 -8 
a -1 3 -7 
a -1 3 -6 
a -1 3 -5 
a -1 4 -10 
a -1 4 -9 
a -1 4 -8 
a -1 4 -7 
a -1 4 -6 
a -1 4 -5 
a -1 5 -10 
a -1 5 -9 
a -1 5 -8 
a -1 5 -7 
a -1 5 -6 
a -1 5 -5 
a -1 6 -10 
a -1 6 -9 
a -1 6 -8 
a -1 6 -7 
a -1 6 -6 
a -1 6 -5 
a -1 7 -10 
a -1 7 -9 
a -1 7 -8 
a -1 7 -7 
a -1 7 -6 
a -1 7 -5 
a -1 8 -10 
a -1 8 -9 
a -1 8 -8 
a -1 8 -7 
a -1 8 -6 
a -1 8 -5 
a -1 9 -10 
a -1 9 -9 
a -1 9 -8 
a -1 9 -7 
a -1 9 -6 
a -1 9 -5 
a -4 10 -12 
a -3 10 -12 
a -2 10 -12 
a -1 10 -12 
a -4 10 -11 
a -3 10 -11 
a -2 10 -11 
a -1 10 -11 
a -4 10 -10 
a -3 10 -10 
a -2 10 -10 
a -1 10 -10 
a -4 10 -9 
a -3 10 -9 
a -2 10 -9 
a -1 10 -9 
a -4 10 -8 
a -3 10 -8 
a -2 10 -8 
a -1 10 -8 
a -4 10 -7 
a -3 10 -7 
a -2 10 -7 
a -1 10 -7 
a -4 10 -6 
a -3 10 -6 
a -2 10 -6 
a -1 10 -6 
a -4 10 -5 
a -3 10 -5 
a -2 10 -5 
a -1 10 -5 
a -4 10 -4 
k -3 10 -4 
k -2 10 -4 
a -1 10 -4 
a -4 10 -3 
a -3 10 -3 
a -2 10 -3 
a -1 10 -3 
a -3 11 -16 
a -2 11 -16 
a -1 11 -16 
a -3 11 -15 
a -2 11 -15 
a -1 11 -15 
a -3 11 -14 
a -2 11 -14 
a -1 11 -14 
a -3 11 -13 
a -2 11 -13 
a -1 11 -13 
a -4 11 -12 
a -3 11 -12 
a -2 11 -12 
a -1 11 -12 
a -4 11 -11 
e -3 11 -11 c
a -1 11 -11 
a -4 11 -10 
e -2 11 -10 a
a -1 11 -10 
a -4 11 -9 
e -3 11 -9 d
e -2 11 -9 e
a -1 11 -9 
a -4 11 -8 
e -2 11 -8 a
a -1 11 -8 
a -4 11 -7 
e -3 11 -7 c
a -1 11 -7 
a -4 11 -6 
e -3 11 -6 a
e -2 11 -6 e
a -1 11 -6 
a -4 11 -5 
e -3 11 -5 e
e -2 11 -5 c
a -1 11 -5 
a -4 11 -4 
a -1 11 -4 
a -4 11 -3 
a -3 11 -3 
a -2 11 -3 
a -1 11 -3 
a -3 12 -16 
a -2 12 -16 
a -1 12 -16 
a -3 12 -15 
a -3 12 -14 
B -1 12 -14 
a -3 12 -13 
a -4 12 -12 
a -3 12 -12 
a -4 12 -11 
a -1 12 -11 
a -4 12 -10 
a -1 12 -10 
a -4 12 -9 
a -1 12 -9 
a -4 12 -8 
a -1 12 -8 
a -4 12 -7 
a -1 12 -7 
a -4 12 -6 
a -1 12 -6 
a -4 12 -5 
a -1 12 -5 
a -4 12 -4 
a -1 12 -4 
a -4 12 -3 
a -3 12 -3 
a -2 12 -3 
a -1 12 -3 
a -4 12 -2 
a -3 12 -2 
a -2 12 -2 
a -1 12 -2 
a -4 12 -1 
a -3 12 -1 
a -2 12 -1 
a -1 12 -1 
a -3 13 -16 
a -2 13 -16 
a -1 13 -16 
a -3 13 -15 
a -3 13 -14 
a -3 13 -13 
a -4 13 -12 
a -3 13 -12 
a -4 13 -11 
a -1 13 -11 
a -4 13 -10 
a -1 13 -10 
a -4 13 -9 
a -1 13 -9 
a -4 13 -8 
a -1 13 -8 
a -4 13 -7 
a -1 13 -7 
a -4 13 -6 
a -1 13 -6 
a -4 13 -5 
a -1 13 -5 
a -4 13 -4 
a -1 13 -4 
a -4 13 -3 
a -3 13 -3 e6
a -2 13 -3 e6
a -1 13 -3 
a -4 13 -2 
a -1 13 -2 
a -4 13 -1 
a -3 14 -16 
a -2 14 -16 
a -1 14 -16 
a -3 14 -15 
a -3 14 -14 
a -3 14 -13 
a -4 14 -12 
a -3 14 -12 
a -4 14 -11 
a -1 14 -11 
a -4 14 -10 
a -1 14 -10 
a -4 14 -9 
a -1 14 -9 
a -4 14 -8 
a -1 14 -8 
a -4 14 -7 
a -1 14 -7 
a -4 14 -6 
a -1 14 -6 
a -4 14 -5 
a -1 14 -5 
a -4 14 -4 
a -1 14 -4 
a -4 14 -3 
a -3 14 -3 e6
a -2 14 -3 e6
a -1 14 -3 
a -4 14 -2 
a -1 14 -2 
a -4 14 -1 
a -3 15 -16 
a -2 15 -16 
a -1 15 -16 
a -3 15 -15 
a -2 15 -15 
a -1 15 -15 
a -3 15 -14 
a -2 15 -14 
a -1 15 -14 
a -3 15 -13 
a -2 15 -13 
a -1 15 -13 
a -4 15 -12 
a -3 15 -12 
a -2 15 -12 
a -1 15 -12 
a -4 15 -11 
a -3 15 -11 
a -2 15 -11 
a -1 15 -11 
a -4 15 -10 
a -3 15 -10 
a -2 15 -10 
a -1 15 -10 
a -4 15 -9 
a -3 15 -9 
a -2 15 -9 
a -1 15 -9 
a -4 15 -8 
a -3 15 -8 
a -2 15 -8 
a -1 15 -8 
a -4 15 -7 
a -3 15 -7 
a -2 15 -7 
a -1 15 -7 
a -4 15 -6 
a -3 15 -6 
a -2 15 -6 
a -1 15 -6 
a -4 15 -5 
a -3 15 -5 
a -2 15 -5 
a -1 15 -5 
a -4 15 -4 
a -3 15 -4 
a -2 15 -4 
a -1 15 -4 
a -4 15 -3 
a -3 15 -3 
a -2 15 -3 
a -1 15 -3 
a -4 15 -2 
a -3 15 -2 
a -2 15 -2 
a -1 15 -2 
a -4 15 -1 
a -3 15 -1 
a -2 15 -1 
a -1 15 -1 
a 0 0 -10 
a 1 0 -10 
a 2 0 -10 
a 3 0 -10 
a 4 0 -10 
a 4 0 -9 
a 5 0 -9 
a 6 0 -9 
a 7 0 -9 
a 8 0 -9 
a 9 0 -9 
a 10 0 -9 
a 11 0 -9 
a 12 0 -9 
a 12 0 -8 
i 10 0 -7 
d 11 0 -7 _e6
a 12 0 -7 
a 12 0 -6 
a 0 0 -5 
a 1 0 -5 
a 2 0 -5 
a 3 0 -5 
a 4 0 -5 
a 5 0 -5 
a 6 0 -5 
a 7 0 -5 
a 8 0 -5 
a 9 0 -5 
a 10 0 -5 
a 12 0 -5 
a 10 0 -4 
a 12 0 -4 
a 10 0 -3 
a 12 0 -3 
a 10 0 -2 
a 11 0 -2 
a 12 0 -2 
a 0 1 -10 
a 1 1 -10 
a 2 1 -10 
a 3 1 -10 
a 4 1 -10 
a 4 1 -9 
a 5 1 -9 
a 6 1 -9 
a 7 1 -9 
a 8 1 -9 
a 9 1 -9 
a 10 1 -9 
a 11 1 -9 
a 12 1 -9 
a 12 1 -8 
a 12 1 -7 
a 12 1 -6 
a 0 1 -5 
a 1 1 -5 
a 2 1 -5 
a 3 1 -5 
a 4 1 -5 
a 5 1 -5 
a 6 1 -5 
a 7 1 -5 
a 8 1 -5 
a 9 1 -5 
a 10 1 -5 
a 12 1 -5 
a 10 1 -4 
a 12 1 -4 
a 10 1 -3 
a 12 1 -3 
a 10 1 -2 
a 11 1 -2 
a 12 1 -2 
a 0 2 -10 
a 1 2 -10 
a 2 2 -10 
a 3 2 -10 
a 4 2 -10 
c 0 2 -9 
c 1 2 -9 
c 2 2 -9 
c 3 2 -9 
a 4 2 -9 
a 5 2 -9 
a 6 2 -9 
a 7 2 -9 
a 8 2 -9 
a 9 2 -9 
a 10 2 -9 
a 11 2 -9 
a 12 2 -9 
c 0 2 -8 
c 1 2 -8 
c 2 2 -8 
c 3 2 -8 
a 4 2 -8 
a 12 2 -8 
c 0 2 -7 
c 1 2 -7 
c 2 2 -7 
a 4 2 -7 
a 12 2 -7 
c 0 2 -6 
c 1 2 -6 
c 2 2 -6 
c 3 2 -6 
a 4 2 -6 
a 12 2 -6 
a 0 2 -5 
a 1 2 -5 
a 2 2 -5 
a 3 2 -5 
a 4 2 -5 
a 5 2 -5 
a 6 2 -5 
a 7 2 -5 
a 8 2 -5 
a 9 2 -5 
a 10 2 -5 
a 11 2 -5 
a 12 2 -5 
a 10 2 -4 
a 11 2 -4 
a 12 2 -4 
a 10 2 -3 
a 12 2 -3 
a 10 2 -2 
a 11 2 -2 
a 12 2 -2 
a 0 3 -10 
a 1 3 -10 
a 2 3 -10 
a 3 3 -10 
a 4 3 -10 
a 4 3 -9 
a 5 3 -9 
a 6 3 -9 
a 7 3 -9 
a 8 3 -9 
a 9 3 -9 
a 10 3 -9 
a 11 3 -9 
a 12 3 -9 
a 4 3 -8 
a 5 3 -8 
a 6 3 -8 
a 7 3 -8 
a 8 3 -8 
a 9 3 -8 
a 10 3 -8 
a 11 3 -8 
a 12 3 -8 
a 4 3 -7 
a 5 3 -7 
a 6 3 -7 
a 7 3 -7 
a 8 3 -7 
a 9 3 -7 
a 10 3 -7 
a 11 3 -7 
a 12 3 -7 
a 4 3 -6 
a 5 3 -6 
a 6 3 -6 
a 7 3 -6 
a 8 3 -6 
a 9 3 -6 
a 10 3 -6 
a 11 3 -6 
a 12 3 -6 
a 0 3 -5 
a 1 3 -5 
a 2 3 -5 
a 3 3 -5 
a 4 3 -5 
a 5 3 -5 
a 6 3 -5 
a 7 3 -5 
a 8 3 -5 
a 9 3 -5 
a 10 3 -5 
a 11 3 -5 
a 12 3 -5 
a 10 3 -4 
a 11 3 -4 
a 12 3 -4 
a 10 3 -3 
a 12 3 -3 
a 10 3 -2 
a 11 3 -2 
a 12 3 -2 
a 0 4 -10 
a 1 4 -10 
a 2 4 -10 
a 3 4 -10 
a 4 4 -10 
a 4 4 -9 
a 4 4 -8 
a 4 4 -7 
a 4 4 -6 
a 0 4 -5 
a 1 4 -5 
a 2 4 -5 
a 3 4 -5 
a 4 4 -5 
a 10 4 -4 
a 11 4 -4 
a 12 4 -4 
a 10 4 -3 
a 12 4 -3 
a 10 4 -2 
a 11 4 -2 
a 12 4 -2 
a 10 5 -11 
a 0 5 -10 
a 1 5 -10 
a 2 5 -10 
a 3 5 -10 
a 4 5 -10 
a 10 5 -10 
c 0 5 -9 
c 1 5 -9 
c 2 5 -9 
c 3 5 -9 
a 4 5 -9 
a 10 5 -9 
c 0 5 -8 
c 1 5 -8 
c 2 5 -8 
c 3 5 -8 
a 4 5 -8 
a 10 5 -8 
c 0 5 -7 
c 1 5 -7 
c 3 5 -7 
a 4 5 -7 
a 10 5 -7 
c 0 5 -6 
c 1 5 -6 
c 2 5 -6 
c 3 5 -6 
a 4 5 -6 
a 10 5 -6 
a 0 5 -5 
a 1 5 -5 
a 2 5 -5 
a 3 5 -5 
a 4 5 -5 
c 5 5 -5 
c 6 5 -5 
c 7 5 -5 
c 8 5 -5 
c 9 5 -5 
a 10 5 -5 
a 4 5 -4 
c 5 5 -4 
c 6 5 -4 
c 7 5 -4 
c 8 5 -4 
c 9 5 -4 
a 10 5 -4 
a 11 5 -4 
a 12 5 -4 
a 4 5 -3 
c 5 5 -3 
c 6 5 -3 
c 7 5 -3 
c 8 5 -3 
c 9 5 -3 
a 10 5 -3 
a 12 5 -3 
a 4 5 -2 
a 5 5 -2 
a 6 5 -2 
a 7 5 -2 
a 8 5 -2 
a 9 5 -2 
a 10 5 -2 
a 11 5 -2 
a 12 5 -2 
a 10 6 -11 
a 0 6 -10 
a 1 6 -10 
a 2 6 -10 
a 3 6 -10 
a 4 6 -10 
a 10 6 -10 
a 4 6 -9 
a 10 6 -9 
a 4 6 -8 
a 10 6 -8 
a 4 6 -7 
a 10 6 -7 
a 4 6 -6 
c 5 6 -6 
c 6 6 -6 
c 7 6 -6 
c 8 6 -6 
c 9 6 -6 
a 10 6 -6 
a 0 6 -5 
a 1 6 -5 
a 2 6 -5 
a 3 6 -5 
a 4 6 -5 
a 10 6 -5 
a 4 6 -4 
a 10 6 -4 
a 11 6 -4 
a 12 6 -4 
a 4 6 -3 
a 10 6 -3 
a 12 6 -3 
a 4 6 -2 
a 5 6 -2 
a 6 6 -2 
a 7 6 -2 
a 8 6 -2 
a 9 6 -2 
a 10 6 -2 
a 11 6 -2 
a 12 6 -2 
a 10 7 -11 
a 0 7 -10 
a 1 7 -10 
a 2 7 -10 
a 3 7 -10 
a 4 7 -10 
a 10 7 -10 
a 4 7 -9 
a 10 7 -9 
a 4 7 -8 
a 10 7 -8 
a 4 7 -7 
c 5 7 -7 
c 6 7 -7 
c 7 7 -7 
c 8 7 -7 
c 9 7 -7 
a 10 7 -7 
a 4 7 -6 
a 10 7 -6 
a 0 7 -5 
a 1 7 -5 
a 2 7 -5 
a 3 7 -5 
a 4 7 -5 
a 10 7 -5 
a 4 7 -4 
a 10 7 -4 
a 11 7 -4 
a 12 7 -4 
a 4 7 -3 
h 9 7 -3 
a 10 7 -3 
a 12 7 -3 
a 4 7 -2 
a 5 7 -2 
a 6 7 -2 
a 7 7 -2 
a 8 7 -2 
a 9 7 -2 
a 10 7 -2 
a 11 7 -2 
a 12 7 -2 
a 10 8 -11 
a 0 8 -10 
a 1 8 -10 
a 2 8 -10 
a 3 8 -10 
a 4 8 -10 
a 10 8 -10 
c 0 8 -9 
c 1 8 -9 
c 2 8 -9 
c 3 8 -9 
a 4 8 -9 
a 10 8 -9 
c 0 8 -8 
c 2 8 -8 
c 3 8 -8 
a 4 8 -8 
c 5 8 -8 
c 6 8 -8 
c 7 8 -8 
c 8 8 -8 
c 9 8 -8 
a 10 8 -8 
c 0 8 -7 
c 1 8 -7 
c 2 8 -7 
c 3 8 -7 
a 4 8 -7 
a 10 8 -7 
c 0 8 -6 
c 1 8 -6 
c 2 8 -6 
c 3 8 -6 
a 4 8 -6 
a 10 8 -6 
a 0 8 -5 
a 1 8 -5 
a 2 8 -5 
a 3 8 -5 
a 4 8 -5 
a 10 8 -5 
a 4 8 -4 
h 7 8 -4 
a 10 8 -4 
a 11 8 -4 
a 12 8 -4 
a 4 8 -3 
f 10 8 -3 f
a 12 8 -3 
a 4 8 -2 
a 5 8 -2 
a 6 8 -2 
a 7 8 -2 
a 8 8 -2 
a 9 8 -2 
a 10 8 -2 
a 11 8 -2 
a 12 8 -2 
a 10 9 -11 
a 0 9 -10 
a 1 9 -10 
a 2 9 -10 
a 3 9 -10 
a 4 9 -10 
a 10 9 -10 
a 4 9 -9 
c 5 9 -9 
c 6 9 -9 
c 7 9 -9 
c 8 9 -9 
c 9 9 -9 
a 10 9 -9 
a 4 9 -8 
a 10 9 -8 
a 4 9 -7 
a 10 9 -7 
a 4 9 -6 
a 10 9 -6 
a 0 9 -5 
a 1 9 -5 
a 2 9 -5 
a 3 9 -5 
a 4 9 -5 
h 5 9 -5 
a 10 9 -5 
a 4 9 -4 
a 10 9 -4 
a 11 9 -4 
a 12 9 -4 
a 4 9 -3 
a 12 9 -3 
a 4 9 -2 
a 5 9 -2 
a 6 9 -2 
a 7 9 -2 
a 8 9 -2 
a 9 9 -2 
a 10 9 -2 
a 11 9 -2 
a 12 9 -2 
a 10 10 -11 
a 0 10 -10 
a 1 10 -10 
a 2 10 -10 
a 3 10 -10 
a 4 10 -10 
c 5 10 -10 
c 6 10 -10 
c 7 10 -10 
c 8 10 -10 
c 9 10 -10 
a 10 10 -10 
a 4 10 -9 
a 10 10 -9 
a 4 10 -8 
a 10 10 -8 
a 4 10 -7 
h 6 10 -7 
a 10 10 -7 
a 4 10 -6 
a 10 10 -6 
a 0 10 -5 
a 1 10 -5 
a 2 10 -5 
a 3 10 -5 
a 4 10 -5 
a 10 10 -5 
a 4 10 -4 
a 10 10 -4 
a 11 10 -4 
a 12 10 -4 
a 4 10 -3 
a 12 10 -3 
a 4 10 -2 
a 5 10 -2 
a 6 10 -2 
a 7 10 -2 
a 8 10 -2 
a 9 10 -2 
a 10 10 -2 
a 11 10 -2 
a 12 10 -2 
a 0 11 -16 
a 1 11 -16 
a 2 11 -16 
a 3 11 -16 
a 4 11 -16 
a 5 11 -16 
a 6 11 -16 
a 7 11 -16 
a 8 11 -16 
a 9 11 -16 
a 0 11 -15 
a 1 11 -15 
a 2 11 -15 
a 3 11 -15 
a 4 11 -15 
a 5 11 -15 
a 6 11 -15 
a 7 11 -15 
a 8 11 -15 
a 9 11 -15 
a 0 11 -14 
a 1 11 -14 
a 2 11 -14 
a 3 11 -14 
a 4 11 -14 
a 5 11 -14 
a 6 11 -14 
a 7 11 -14 
a 8 11 -14 
a 9 11 -14 
a 0 11 -13 
a 1 11 -13 
a 2 11 -13 
a 3 11 -13 
a 4 11 -13 
a 5 11 -13 
a 6 11 -13 
a 7 11 -13 
a 8 11 -13 
a 9 11 -13 
a 0 11 -12 
a 1 11 -12 
a 2 11 -12 
a 3 11 -12 
a 4 11 -12 
a 5 11 -12 
a 6 11 -12 
a 7 11 -12 
a 8 11 -12 
a 9 11 -12 
a 0 11 -11 
a 1 11 -11 
a 2 11 -11 
a 3 11 -11 
a 4 11 -11 
a 5 11 -11 
a 6 11 -11 
a 7 11 -11 
a 8 11 -11 
a 9 11 -11 
a 10 11 -11 
a 0 11 -10 
a 1 11 -10 
a 2 11 -10 
a 3 11 -10 
a 4 11 -10 
h 7 11 -10 
a 10 11 -10 
c 0 11 -9 
c 1 11 -9 
c 3 11 -9 
a 4 11 -9 
a 10 11 -9 
c 0 11 -8 
c 1 11 -8 
c 2 11 -8 
c 3 11 -8 
a 4 11 -8 
h 8 11 -8 
a 10 11 -8 
c 0 11 -7 
c 1 11 -7 
c 2 11 -7 
c 3 11 -7 
a 4 11 -7 
a 10 11 -7 
c 0 11 -6 
c 1 11 -6 
c 2 11 -6 
c 3 11 -6 
a 4 11 -6 
a 10 11 -6 
a 0 11 -5 
a 1 11 -5 
a 2 11 -5 
a 3 11 -5 
a 4 11 -5 
a 10 11 -5 
a 4 11 -4 
a 10 11 -4 
a 11 11 -4 
a 12 11 -4 
a 4 11 -3 
a 10 11 -3 
a 12 11 -3 
a 4 11 -2 
a 5 11 -2 
a 6 11 -2 
a 7 11 -2 
a 8 11 -2 
a 9 11 -2 
a 10 11 -2 
a 11 11 -2 
a 12 11 -2 
a 0 12 -16 
a 1 12 -16 
a 2 12 -16 
a 3 12 -16 
a 4 12 -16 
a 5 12 -16 
a 6 12 -16 
a 7 12 -16 
a 8 12 -16 
a 9 12 -16 
a 9 12 -15 
O 3 12 -14 
E 7 12 -14 
a 9 12 -14 
a 9 12 -13 
a 9 12 -12 
a 0 12 -11 
a 1 12 -11 
a 2 12 -11 
a 4 12 -11 
a 5 12 -11 
a 6 12 -11 
a 8 12 -11 
a 9 12 -11 
a 10 12 -11 
a 4 12 -10 
h 8 12 -10 
a 10 12 -10 
a 4 12 -9 
a 10 12 -9 
a 4 12 -8 
a 10 12 -8 
a 4 12 -7 
a 10 12 -7 
a 4 12 -6 
a 10 12 -6 
a 0 12 -5 
a 1 12 -5 
a 2 12 -5 
a 3 12 -5 
a 4 12 -5 
a 10 12 -5 
a 4 12 -4 
a 10 12 -4 
a 11 12 -4 
a 12 12 -4 
a 4 12 -3 
a 10 12 -3 
a 12 12 -3 
a 0 12 -2 
a 1 12 -2 
a 2 12 -2 
a 3 12 -2 
a 4 12 -2 
a 5 12 -2 
a 6 12 -2 
a 7 12 -2 
a 8 12 -2 
a 9 12 -2 
a 10 12 -2 
a 11 12 -2 
a 12 12 -2 
a 0 12 -1 
a 1 12 -1 
a 2 12 -1 
a 3 12 -1 
a 4 12 -1 
a 5 12 -1 
a 6 12 -1 
a 7 12 -1 
a 8 12 -1 
a 9 12 -1 
a 10 12 -1 
a 11 12 -1 
a 12 12 -1 
a 0 13 -16 
a 1 13 -16 
a 2 13 -16 
a 3 13 -16 
a 4 13 -16 
a 5 13 -16 
a 6 13 -16 
a 7 13 -16 
a 8 13 -16 
a 9 13 -16 
a 9 13 -15 
a 9 13 -14 
a 9 13 -13 
a 9 13 -12 
a 0 13 -11 
a 1 13 -11 
a 2 13 -11 
a 4 13 -11 
a 5 13 -11 
a 6 13 -11 
a 8 13 -11 
a 9 13 -11 
a 10 13 -11 
a 4 13 -10 
f 8 13 -10 fa
a 10 13 -10 
a 4 13 -9 
a 10 13 -9 
a 4 13 -8 
a 10 13 -8 
a 4 13 -7 
a 10 13 -7 
a 4 13 -6 
a 10 13 -6 
a 0 13 -5 
a 1 13 -5 
a 2 13 -5 
a 3 13 -5 
a 4 13 -5 
a 10 13 -5 
a 4 13 -4 
a 10 13 -4 
a 11 13 -4 
a 12 13 -4 
a 4 13 -3 
a 10 13 -3 
a 12 13 -3 
a 0 13 -2 
a 1 13 -2 
a 2 13 -2 
a 3 13 -2 
a 4 13 -2 
a 5 13 -2 
a 6 13 -2 
a 7 13 -2 
a 8 13 -2 
a 9 13 -2 
a 10 13 -2 
a 12 13 -2 
f 1 13 -1 a
a 12 13 -1 
a 0 14 -16 
a 1 14 -16 
a 2 14 -16 
a 3 14 -16 
a 4 14 -16 
a 5 14 -16 
a 6 14 -16 
a 7 14 -16 
a 8 14 -16 
a 9 14 -16 
a 9 14 -15 
a 9 14 -14 
a 9 14 -13 
a 9 14 -12 
a 0 14 -11 
a 1 14 -11 
a 2 14 -11 
a 4 14 -11 
a 5 14 -11 
a 6 14 -11 
a 8 14 -11 
a 9 14 -11 
a 10 14 -11 
a 4 14 -10 
a 10 14 -10 
a 4 14 -9 
a 10 14 -9 
a 4 14 -8 
a 10 14 -8 
a 4 14 -7 
a 10 14 -7 
a 4 14 -6 
a 10 14 -6 
a 0 14 -5 
a 1 14 -5 
a 2 14 -5 
a 3 14 -5 
a 4 14 -5 
a 10 14 -5 
a 4 14 -4 
a 10 14 -4 
a 11 14 -4 
a 12 14 -4 
a 4 14 -3 
a 10 14 -3 
a 12 14 -3 
a 0 14 -2 
a 1 14 -2 
a 2 14 -2 
a 3 14 -2 
a 4 14 -2 
a 5 14 -2 
a 6 14 -2 
a 7 14 -2 
a 8 14 -2 
a 9 14 -2 
a 10 14 -2 
a 12 14 -2 
a 12 14 -1 
a 0 15 -16 
a 1 15 -16 
a 2 15 -16 
a 3 15 -16 
a 4 15 -16 
a 5 15 -16 
a 6 15 -16 
a 7 15 -16 
a 8 15 -16 
a 9 15 -16 
a 0 15 -15 
a 1 15 -15 
a 2 15 -15 
a 3 15 -15 
a 4 15 -15 
a 5 15 -15 
a 6 15 -15 
a 7 15 -15 
a 8 15 -15 
a 9 15 -15 
a 0 15 -14 
a 1 15 -14 
a 2 15 -14 
a 3 15 -14 
a 4 15 -14 
a 5 15 -14 
a 6 15 -14 
a 7 15 -14 
a 8 15 -14 
a 9 15 -14 
a 0 15 -13 
a 1 15 -13 
a 2 15 -13 
a 3 15 -13 
a 4 15 -13 
a 5 15 -13 
a 6 15 -13 
a 7 15 -13 
a 8 15 -13 
a 9 15 -13 
a 0 15 -12 
a 1 15 -12 
a 2 15 -12 
a 3 15 -12 
a 4 15 -12 
a 5 15 -12 
a 6 15 -12 
a 7 15 -12 
a 8 15 -12 
a 9 15 -12 
a 0 15 -11 
a 1 15 -11 
a 2 15 -11 
a 3 15 -11 
a 4 15 -11 
a 5 15 -11 
a 6 15 -11 
a 7 15 -11 
a 8 15 -11 
a 9 15 -11 
a 10 15 -11 
a 0 15 -10 
a 1 15 -10 
a 2 15 -10 
a 3 15 -10 
a 4 15 -10 
a 5 15 -10 
a 6 15 -10 
a 7 15 -10 
a 8 15 -10 
a 9 15 -10 
a 10 15 -10 
a 0 15 -9 
a 1 15 -9 
a 2 15 -9 
a 3 15 -9 
a 4 15 -9 
a 5 15 -9 
a 6 15 -9 
a 7 15 -9 
a 8 15 -9 
a 9 15 -9 
a 10 15 -9 
a 0 15 -8 
a 1 15 -8 
a 2 15 -8 
a 3 15 -8 
a 4 15 -8 
a 5 15 -8 
a 6 15 -8 
a 7 15 -8 
a 8 15 -8 
a 9 15 -8 
a 10 15 -8 
a 0 15 -7 
a 1 15 -7 
a 2 15 -7 
a 3 15 -7 
a 4 15 -7 
a 5 15 -7 
a 6 15 -7 
a 7 15 -7 
a 8 15 -7 
a 9 15 -7 
a 10 15 -7 
a 0 15 -6 
a 1 15 -6 
a 2 15 -6 
a 3 15 -6 
a 4 15 -6 
a 5 15 -6 
a 6 15 -6 
a 7 15 -6 
a 8 15 -6 
a 9 15 -6 
a 10 15 -6 
a 0 15 -5 
a 1 15 -5 
a 2 15 -5 
a 3 15 -5 
a 4 15 -5 
a 5 15 -5 
a 6 15 -5 
a 7 15 -5 
a 8 15 -5 
a 9 15 -5 
a 10 15 -5 
a 0 15 -4 
a 1 15 -4 
a 2 15 -4 
a 3 15 -4 
a 4 15 -4 
a 5 15 -4 
a 6 15 -4 
a 7 15 -4 
a 8 15 -4 
a 9 15 -4 
a 10 15 -4 
a 11 15 -4 
a 12 15 -4 
a 0 15 -3 
a 1 15 -3 
a 2 15 -3 
a 3 15 -3 
a 4 15 -3 
a 5 15 -3 
a 6 15 -3 
a 7 15 -3 
a 8 15 -3 
a 9 15 -3 
a 10 15 -3 
a 11 15 -3 
a 12 15 -3 
a 0 15 -2 
a 1 15 -2 
a 2 15 -2 
a 3 15 -2 
a 4 15 -2 
a 5 15 -2 
a 6 15 -2 
a 7 15 -2 
a 8 15 -2 
a 9 15 -2 
a 10 15 -2 
a 11 15 -2 
a 12 15 -2 
a 0 15 -1 
a 1 15 -1 
a 2 15 -1 
a 3 15 -1 
a 4 15 -1 
a 5 15 -1 
a 6 15 -1 
a 7 15 -1 
a 8 15 -1 
a 9 15 -1 
a 10 15 -1 
a 11 15 -1 
a 12 15 -1 
a -4 12 0 
a -3 12 0 
a -2 12 0 
a -1 12 0 
a -4 13 0 
a -3 13 0 
a -2 13 0 
a -1 13 0 
a -4 14 0 
a -3 14 0 
a -2 14 0 
a -1 14 0 
a -4 15 0 
a -3 15 0 
a -2 15 0 
a -1 15 0 
a 0 12 0 
a 1 12 0 
a 2 12 0 
a 3 12 0 
a 4 12 0 
a 5 12 0 
a 6 12 0 
a 7 12 0 
a 8 12 0 
a 9 12 0 
a 10 12 0 
a 11 12 0 
a 12 12 0 
a 0 13 0 
a 1 13 0 
a 2 13 0 
a 3 13 0 
a 4 13 0 
a 5 13 0 
a 6 13 0 
a 7 13 0 
a 8 13 0 
a 9 13 0 
a 10 13 0 
a 11 13 0 
a 12 13 0 
a 0 14 0 
a 1 14 0 
a 2 14 0 
a 3 14 0 
a 4 14 0 
a 5 14 0 
a 6 14 0 
a 7 14 0 
a 8 14 0 
a 9 14 0 
a 10 14 0 
a 11 14 0 
a 12 14 0 
a 0 15 0 
a 1 15 0 
a 2 15 0 
a 3 15 0 
a 4 15 0 
a 5 15 0 
a 6 15 0 
a 7 15 0 
a 8 15 0 
a 9 15 0 
a 10 15 0 
a 11 15 0 
a 12 15 0 

