a 3 16 0 
c 5 16 0 
c 6 16 0 
c 7 16 0 
a 8 16 0 
a 0 16 1 
a 1 16 1 
a 2 16 1 
a 3 16 1 
c 4 16 1 
c 5 16 1 
c 6 16 1 
c 7 16 1 
a 8 16 1 
a 3 16 2 
a 4 16 2 
a 5 16 2 
a 6 16 2 
a 7 16 2 
a 8 16 2 
a 1 16 3 
a 2 16 3 
a 3 16 3 
a 0 16 4 
a 1 16 4 
a 0 16 5 
a 1 16 5 
c 0 17 0 e6
c 1 17 0 e6
c 2 17 0 e6
a 3 17 0 
a 8 17 0 
a 0 17 1 
a 1 17 1 
a 2 17 1 
a 3 17 1 
a 8 17 1 
a 0 17 2 
a 1 17 2 
a 2 17 2 
a 3 17 2 
a 4 17 2 
a 5 17 2 
a 6 17 2 
a 7 17 2 
a 8 17 2 
a 0 17 3 
a 1 17 3 
a 2 17 3 
a 3 17 3 
a 4 17 3 
a 5 17 3 
a 0 17 4 
a 1 17 4 
a 2 17 4 
a 3 17 4 
a 4 17 4 
a 5 17 4 
a 1 17 5 
a 2 17 5 
a 3 17 5 
a 4 17 5 
a 5 17 5 
a 3 18 0 
a 8 18 0 
a 3 18 1 
a 8 18 1 
a 5 18 2 
a 6 18 2 
a 7 18 2 
a 8 18 2 
a 0 18 3 
a 1 18 3 
a 5 18 3 
a 1 18 4 
E 2 18 4 
B 3 18 4 
O 4 18 4 
a 5 18 4 
a 1 18 5 
a 2 18 5 
a 3 18 5 
a 4 18 5 
a 5 18 5 
a 3 19 0 
a 8 19 0 
a 3 19 1 
a 8 19 1 
a 5 19 2 
a 6 19 2 
a 7 19 2 
a 8 19 2 
a 0 19 3 
a 1 19 3 
a 5 19 3 
a 1 19 4 
a 5 19 4 
a 1 19 5 
a 2 19 5 
a 3 19 5 
a 4 19 5 
a 5 19 5 
a 0 20 0 
a 1 20 0 
a 2 20 0 
a 3 20 0 
a 4 20 0 
a 5 20 0 
a 6 20 0 
a 7 20 0 
a 8 20 0 
a 0 20 1 
a 1 20 1 
a 2 20 1 
a 3 20 1 
a 4 20 1 
a 5 20 1 
a 6 20 1 
a 7 20 1 
a 8 20 1 
a 0 20 2 
a 1 20 2 
a 2 20 2 
a 3 20 2 
a 4 20 2 
a 5 20 2 
a 6 20 2 
a 7 20 2 
a 8 20 2 
a 0 20 3 
a 1 20 3 
a 2 20 3 
a 3 20 3 
a 4 20 3 
a 5 20 3 
a 1 20 4 
a 2 20 4 
a 3 20 4 
a 4 20 4 
a 5 20 4 
a 1 20 5 
a 2 20 5 
a 3 20 5 
a 4 20 5 
a 5 20 5 
a 0 0 -3 
a 1 0 -3 
a 2 0 -3 
c 0 0 -2 
c 1 0 -2 
c 2 0 -2 
a 3 0 -2 
a 4 0 -2 
a 5 0 -2 
a 6 0 -2 
a 7 0 -2 
a 8 0 -2 
c 0 0 -1 
c 1 0 -1 
c 2 0 -1 
a 3 0 -1 
a 4 0 -1 
a 5 0 -1 
a 6 0 -1 
a 7 0 -1 
a 8 0 -1 
a 0 1 -3 
a 1 1 -3 
a 2 1 -3 
a 3 1 -3 
a 0 1 -2 
a 3 1 -2 
a 4 1 -2 
a 5 1 -2 
a 6 1 -2 
a 7 1 -2 
a 8 1 -2 
a 3 1 -1 
a 8 1 -1 
a 0 2 -3 
a 1 2 -3 
a 2 2 -3 
a 3 2 -3 
a 3 2 -2 
a 4 2 -2 
a 5 2 -2 
a 6 2 -2 
a 7 2 -2 
a 8 2 -2 
a 3 2 -1 
a 8 2 -1 
a 0 3 -3 
a 1 3 -3 
a 2 3 -3 
a 3 3 -3 
a 3 3 -2 
a 4 3 -2 
a 5 3 -2 
a 6 3 -2 
a 7 3 -2 
a 8 3 -2 
a 3 3 -1 
a 8 3 -1 
a 0 4 -3 
a 1 4 -3 
a 2 4 -3 
a 3 4 -3 
a 3 4 -2 
a 4 4 -2 
a 5 4 -2 
a 6 4 -2 
a 7 4 -2 
a 8 4 -2 
a 3 4 -1 
c 4 4 -1 
c 5 4 -1 
c 6 4 -1 
c 7 4 -1 
a 8 4 -1 
a 0 5 -3 
a 1 5 -3 
a 2 5 -3 
a 3 5 -3 
a 3 5 -2 
a 4 5 -2 
a 5 5 -2 
a 6 5 -2 
a 7 5 -2 
a 8 5 -2 
a 3 5 -1 
a 8 5 -1 
a 0 6 -3 
a 1 6 -3 
a 2 6 -3 
a 3 6 -3 
a 3 6 -2 
a 4 6 -2 
a 5 6 -2 
a 6 6 -2 
a 7 6 -2 
a 8 6 -2 
a 3 6 -1 
a 8 6 -1 
a 0 7 -3 
a 1 7 -3 
a 2 7 -3 
a 3 7 -3 
a 3 7 -2 
a 4 7 -2 
a 5 7 -2 
a 6 7 -2 
a 7 7 -2 
a 8 7 -2 
a 3 7 -1 
c 4 7 -1 
c 5 7 -1 
c 6 7 -1 
c 7 7 -1 
a 8 7 -1 
a 0 8 -3 
a 1 8 -3 
a 2 8 -3 
a 3 8 -3 
a 3 8 -2 
a 4 8 -2 
a 5 8 -2 
a 6 8 -2 
a 7 8 -2 
a 8 8 -2 
a 3 8 -1 
a 8 8 -1 
a 0 9 -3 
a 1 9 -3 
a 2 9 -3 
a 3 9 -3 
c 0 9 -2 c8
c 1 9 -2 c8
c 2 9 -2 c8
a 3 9 -2 
a 4 9 -2 
a 5 9 -2 
a 6 9 -2 
a 7 9 -2 
a 8 9 -2 
c 0 9 -1 c8
c 1 9 -1 c8
c 2 9 -1 c8
a 3 9 -1 
a 8 9 -1 
a 0 10 -3 
a 1 10 -3 
a 2 10 -3 
a 3 10 -3 
a 3 10 -2 
a 4 10 -2 
a 5 10 -2 
a 6 10 -2 
a 7 10 -2 
a 8 10 -2 
a 3 10 -1 
c 4 10 -1 
c 5 10 -1 
c 6 10 -1 
c 7 10 -1 
a 8 10 -1 
a 0 11 -3 
a 1 11 -3 
a 2 11 -3 
a 3 11 -3 
a 3 11 -2 
a 4 11 -2 
a 5 11 -2 
a 6 11 -2 
a 7 11 -2 
a 8 11 -2 
a 3 11 -1 
a 8 11 -1 
a 0 12 -3 
a 1 12 -3 
a 2 12 -3 
a 3 12 -3 
a 3 12 -2 
a 4 12 -2 
a 5 12 -2 
a 6 12 -2 
a 7 12 -2 
a 8 12 -2 
a 3 12 -1 
a 8 12 -1 
a 0 13 -3 
a 1 13 -3 
a 2 13 -3 
a 3 13 -3 
a 3 13 -2 
a 4 13 -2 
a 5 13 -2 
a 6 13 -2 
a 7 13 -2 
a 8 13 -2 
a 3 13 -1 
c 4 13 -1 
c 5 13 -1 
c 6 13 -1 
c 7 13 -1 
a 8 13 -1 
a 0 14 -3 
a 1 14 -3 
a 2 14 -3 
a 3 14 -3 
a 3 14 -2 
a 4 14 -2 
a 5 14 -2 
a 6 14 -2 
a 7 14 -2 
a 8 14 -2 
a 3 14 -1 
a 8 14 -1 
a 0 15 -3 
a 1 15 -3 
a 2 15 -3 
a 3 15 -3 
a 3 15 -2 
a 4 15 -2 
a 5 15 -2 
a 6 15 -2 
a 7 15 -2 
a 8 15 -2 
a 3 15 -1 
a 8 15 -1 
c 0 0 0 
c 1 0 0 
c 2 0 0 
a 3 0 0 
a 4 0 0 
a 5 0 0 
a 6 0 0 
a 7 0 0 
a 8 0 0 
a 0 0 1 
a 1 0 1 
a 2 0 1 
a 3 0 1 
a 4 0 1 
a 5 0 1 
a 6 0 1 
a 7 0 1 
a 8 0 1 
a 1 0 2 
a 2 0 2 
a 3 0 2 
a 4 0 2 
a 5 0 2 
a 6 0 2 
a 7 0 2 
a 8 0 2 
a 1 0 3 
a 2 0 3 
a 3 0 3 
a 4 0 3 
a 5 0 3 
a 3 0 4 
a 4 0 4 
a 5 0 4 
k 0 1 0 
a 3 1 0 
a 8 1 0 
a 0 1 1 
a 1 1 1 
a 2 1 1 
a 3 1 1 
a 8 1 1 
a 1 1 2 
b 2 1 2 2
a 5 1 2 
a 6 1 2 
a 7 1 2 
a 8 1 2 
a 1 1 3 
a 2 1 3 
a 3 1 3 
d 4 1 3 _e6
a 5 1 3 
a 3 1 4 
a 4 1 4 
a 5 1 4 
a 3 2 0 
a 8 2 0 
a 0 2 1 
a 1 2 1 
a 2 2 1 
a 3 2 1 
a 8 2 1 
a 1 2 2 
b 2 2 2 2
a 5 2 2 
a 6 2 2 
a 7 2 2 
a 8 2 2 
a 1 2 3 
a 2 2 3 
a 3 2 3 
a 5 2 3 
a 3 2 4 
a 4 2 4 
a 5 2 4 
a 3 3 0 
a 8 3 0 
a 0 3 1 
a 1 3 1 
a 2 3 1 
a 3 3 1 
a 8 3 1 
a 1 3 2 
b 2 3 2 2
a 3 3 2 
a 4 3 2 
a 5 3 2 
a 6 3 2 
a 7 3 2 
a 8 3 2 
a 1 3 3 
a 2 3 3 
a 3 3 3 
a 4 3 3 
a 5 3 3 
a 3 3 4 
a 4 3 4 
a 5 3 4 
a 3 4 0 
c 4 4 0 
c 5 4 0 
c 6 4 0 
a 8 4 0 
a 0 4 1 
a 1 4 1 
a 2 4 1 
a 3 4 1 
c 4 4 1 
c 5 4 1 
c 6 4 1 
c 7 4 1 
a 8 4 1 
a 1 4 2 
b 2 4 2 2
a 3 4 2 
a 4 4 2 
a 5 4 2 
a 6 4 2 
a 7 4 2 
a 8 4 2 
a 1 4 3 
a 2 4 3 
a 3 4 3 
a 3 5 0 
a 8 5 0 
a 0 5 1 
a 1 5 1 
a 2 5 1 
a 3 5 1 
a 8 5 1 
a 1 5 2 
b 2 5 2 2
a 3 5 2 
a 4 5 2 
a 5 5 2 
a 6 5 2 
a 7 5 2 
a 8 5 2 
a 1 5 3 
a 2 5 3 
a 3 5 3 
a 3 6 0 
a 8 6 0 
a 0 6 1 
a 1 6 1 
a 2 6 1 
a 3 6 1 
a 8 6 1 
a 1 6 2 
b 2 6 2 2
a 3 6 2 
a 4 6 2 
a 5 6 2 
a 6 6 2 
a 7 6 2 
a 8 6 2 
a 1 6 3 
a 2 6 3 
a 3 6 3 
a 3 7 0 
c 4 7 0 
c 5 7 0 
c 6 7 0 
c 7 7 0 
a 8 7 0 
a 0 7 1 
a 1 7 1 
a 2 7 1 
a 3 7 1 
c 4 7 1 
c 5 7 1 
c 7 7 1 
a 8 7 1 
a 1 7 2 
b 2 7 2 2
a 3 7 2 
a 4 7 2 
a 5 7 2 
a 6 7 2 
a 7 7 2 
a 8 7 2 
a 1 7 3 
a 2 7 3 
a 3 7 3 
a 3 8 0 
a 8 8 0 
a 0 8 1 
a 1 8 1 
a 2 8 1 
a 3 8 1 
a 8 8 1 
a 1 8 2 
b 2 8 2 2
a 3 8 2 
a 4 8 2 
a 5 8 2 
a 6 8 2 
a 7 8 2 
a 8 8 2 
a 1 8 3 
a 2 8 3 
a 3 8 3 
c 0 9 0 c8
c 1 9 0 c8
c 2 9 0 c8
a 3 9 0 
a 8 9 0 
a 0 9 1 
a 1 9 1 
a 2 9 1 
a 3 9 1 
a 8 9 1 
a 1 9 2 
b 2 9 2 2
a 3 9 2 
a 4 9 2 
a 5 9 2 
a 6 9 2 
a 7 9 2 
a 8 9 2 
a 1 9 3 
a 2 9 3 
a 3 9 3 
b 0 10 0 3
a 3 10 0 
c 4 10 0 
c 5 10 0 
c 6 10 0 
c 7 10 0 
a 8 10 0 
a 0 10 1 
a 1 10 1 
a 2 10 1 
a 3 10 1 
c 4 10 1 
c 6 10 1 
c 7 10 1 
a 8 10 1 
a 1 10 2 
b 2 10 2 2
a 3 10 2 
a 4 10 2 
a 5 10 2 
a 6 10 2 
a 7 10 2 
a 8 10 2 
a 1 10 3 
a 2 10 3 
a 3 10 3 
b 0 11 0 3
a 3 11 0 
a 8 11 0 
a 0 11 1 
a 1 11 1 
a 2 11 1 
a 3 11 1 
a 8 11 1 
a 1 11 2 
b 2 11 2 2
a 3 11 2 
a 4 11 2 
a 5 11 2 
a 6 11 2 
a 7 11 2 
a 8 11 2 
a 1 11 3 
a 2 11 3 
a 3 11 3 
b 0 12 0 3
a 3 12 0 
a 8 12 0 
a 0 12 1 
a 1 12 1 
a 2 12 1 
a 3 12 1 
a 8 12 1 
a 1 12 2 
b 2 12 2 2
a 3 12 2 
a 4 12 2 
a 5 12 2 
a 6 12 2 
a 7 12 2 
a 8 12 2 
a 1 12 3 
a 2 12 3 
a 3 12 3 
b 0 13 0 3
a 3 13 0 
c 4 13 0 
c 6 13 0 
c 7 13 0 
a 8 13 0 
a 0 13 1 
a 1 13 1 
a 2 13 1 
a 3 13 1 
c 4 13 1 
c 5 13 1 
c 6 13 1 
c 7 13 1 
a 8 13 1 
a 0 13 2 
a 1 13 2 
b 2 13 2 2
a 3 13 2 
a 4 13 2 
a 5 13 2 
a 6 13 2 
a 7 13 2 
a 8 13 2 
a 0 13 3 
a 1 13 3 
a 2 13 3 
a 3 13 3 
a 0 13 4 
a 1 13 4 
a 0 13 5 
a 1 13 5 
b 0 14 0 3
a 3 14 0 
a 8 14 0 
a 0 14 1 
a 1 14 1 
a 2 14 1 
a 3 14 1 
a 8 14 1 
a 3 14 2 
a 4 14 2 
a 5 14 2 
a 6 14 2 
a 7 14 2 
a 8 14 2 
a 1 14 3 
a 2 14 3 
a 3 14 3 
d 0 14 4 _b4
a 1 14 4 
a 0 14 5 
a 1 14 5 
a 3 15 0 
a 8 15 0 
a 0 15 1 
a 1 15 1 
a 2 15 1 
a 3 15 1 
a 8 15 1 
a 3 15 2 
a 4 15 2 
a 5 15 2 
a 6 15 2 
a 7 15 2 
a 8 15 2 
a 1 15 3 
a 2 15 3 
a 3 15 3 
a 1 15 4 
a 0 15 5 
a 1 15 5 
a 0 16 -3 
a 1 16 -3 
a 2 16 -3 
a 3 16 -3 
a 3 16 -2 
a 4 16 -2 
a 5 16 -2 
a 6 16 -2 
a 7 16 -2 
a 8 16 -2 
a 3 16 -1 
c 4 16 -1 
c 5 16 -1 
c 6 16 -1 
c 7 16 -1 
a 8 16 -1 
a 0 17 -3 
a 1 17 -3 
a 2 17 -3 
a 3 17 -3 
c 0 17 -2 e6
c 1 17 -2 e6
c 2 17 -2 e6
a 3 17 -2 
a 4 17 -2 
a 5 17 -2 
a 6 17 -2 
a 7 17 -2 
a 8 17 -2 
c 0 17 -1 e6
c 1 17 -1 e6
c 2 17 -1 e6
a 3 17 -1 
a 8 17 -1 
a 0 18 -3 
a 1 18 -3 
a 2 18 -3 
a 3 18 -3 
a 3 18 -2 
a 4 18 -2 
a 5 18 -2 
a 6 18 -2 
a 7 18 -2 
a 8 18 -2 
a 3 18 -1 
a 8 18 -1 
a 0 19 -3 
a 1 19 -3 
a 2 19 -3 
a 3 19 -3 
a 3 19 -2 
a 4 19 -2 
a 5 19 -2 
a 6 19 -2 
a 7 19 -2 
a 8 19 -2 
a 3 19 -1 
a 8 19 -1 
a 0 20 -3 
a 1 20 -3 
a 2 20 -3 
a 3 20 -3 
a 0 20 -2 
a 1 20 -2 
a 2 20 -2 
a 3 20 -2 
a 4 20 -2 
a 5 20 -2 
a 6 20 -2 
a 7 20 -2 
a 8 20 -2 
a 0 20 -1 
a 1 20 -1 
a 2 20 -1 
a 3 20 -1 
a 4 20 -1 
a 5 20 -1 
a 6 20 -1 
a 7 20 -1 
a 8 20 -1 
a -1 16 0 
a -1 16 1 
a -3 16 2 
a -2 16 2 
a -1 16 2 
a -3 16 3 
a -3 16 4 
a -2 16 4 
a -1 16 4 
a -1 16 5 
a -1 17 0 
a -1 17 1 
a -3 17 2 
a -2 17 2 
a -1 17 2 
a -3 17 3 
a -2 17 3 
a -1 17 3 
a -3 17 4 
a -2 17 4 
a -1 17 4 
a -1 18 0 
a -1 18 1 
a -1 18 2 
a -1 18 3 
a -1 19 0 
a -1 19 1 
a -1 19 2 
a -1 19 3 
a -1 20 0 
a -1 20 1 
a -1 20 2 
a -1 20 3 
a -4 0 0 
a -3 0 0 
a -2 0 0 
a -1 0 0 
a -4 0 1 
a -3 0 1 
a -2 0 1 
a -1 0 1 
a -4 0 2 
a -3 0 2 
a -2 0 2 
a -1 0 2 
a -3 0 3 
a -2 0 3 
a -1 0 3 
a -3 0 4 
a -2 0 4 
a -1 0 4 
a -4 1 0 
e -2 1 0 a
a -1 1 0 
a -4 1 1 
e -2 1 1 a
a -1 1 1 
a -4 1 2 
a -3 1 2 
a -1 1 2 
a -3 1 3 
a -1 1 3 
a -3 1 4 
a -2 1 4 
a -1 1 4 
a -4 2 0 
a -1 2 0 
a -4 2 1 
a -1 2 1 
a -4 2 2 
a -3 2 2 
a -1 2 2 
a -3 2 3 
a -1 2 3 
a -3 2 4 
a -2 2 4 
a -1 2 4 
a -4 3 0 
a -1 3 0 
a -4 3 1 
a -1 3 1 
a -4 3 2 
a -3 3 2 
a -1 3 2 
a -3 3 3 
a -1 3 3 
a -3 3 4 
a -2 3 4 
a -1 3 4 
a -4 4 0 
a -3 4 0 
a -2 4 0 
a -1 4 0 
a -4 4 1 
a -3 4 1 
a -2 4 1 
a -1 4 1 
a -4 4 2 
a -3 4 2 
a -2 4 2 
a -1 4 2 
a -3 4 3 
a -1 4 3 
a -3 4 4 
a -2 4 4 
a -1 4 4 
a -1 5 0 
a -1 5 1 
a -3 5 2 
a -2 5 2 
a -1 5 2 
a -3 5 3 
a -1 5 3 
a -3 5 4 
a -2 5 4 
a -1 5 4 
a -1 6 0 
a -1 6 1 
a -3 6 2 
a -2 6 2 
a -1 6 2 
a -3 6 3 
a -1 6 3 
a -3 6 4 
a -2 6 4 
a -1 6 4 
a -1 7 0 
a -1 7 1 
a -3 7 2 
a -2 7 2 
a -1 7 2 
a -3 7 3 
a -1 7 3 
a -3 7 4 
a -2 7 4 
a -1 7 4 
a -1 8 0 
a -1 8 1 
a -3 8 2 
a -2 8 2 
a -1 8 2 
a -3 8 3 
a -1 8 3 
a -3 8 4 
a -2 8 4 
a -1 8 4 
a -16 9 0 
a -15 9 0 
c -14 9 0 
c -13 9 0 
c -12 9 0 
c -11 9 0 
c -10 9 0 
c -9 9 0 
c -8 9 0 
c -7 9 0 
c -6 9 0 
c -5 9 0 
c -4 9 0 
c -3 9 0 
c -2 9 0 
a -1 9 0 
a -16 9 1 
a -15 9 1 
a -14 9 1 
a -13 9 1 
a -12 9 1 
a -11 9 1 
a -10 9 1 
a -9 9 1 
a -8 9 1 
a -7 9 1 
a -6 9 1 
a -5 9 1 
a -4 9 1 
a -3 9 1 
a -2 9 1 
a -1 9 1 
a -3 9 2 
a -2 9 2 
a -1 9 2 
a -3 9 3 
a -1 9 3 
a -3 9 4 
a -2 9 4 
a -1 9 4 
a -16 10 0 
d -15 10 0 _c8
a -16 10 1 
a -15 10 1 
a -14 10 1 
a -13 10 1 
a -12 10 1 
a -11 10 1 
a -10 10 1 
a -9 10 1 
a -8 10 1 
a -7 10 1 
a -6 10 1 
a -5 10 1 
a -4 10 1 
a -3 10 1 
a -2 10 1 
a -1 10 1 
a -3 10 2 
a -2 10 2 
a -1 10 2 
a -3 10 3 
a -1 10 3 
a -3 10 4 
a -2 10 4 
a -1 10 4 
a -16 11 0 
a -16 11 1 
a -15 11 1 
a -14 11 1 
a -13 11 1 
a -12 11 1 
a -11 11 1 
a -10 11 1 
a -9 11 1 
a -8 11 1 
a -7 11 1 
a -6 11 1 
a -5 11 1 
a -4 11 1 
a -3 11 1 
a -2 11 1 
a -1 11 1 
a -3 11 2 
a -2 11 2 
a -1 11 2 
a -3 11 3 
a -1 11 3 
a -3 11 4 
a -2 11 4 
a -1 11 4 
a -16 12 0 
a -15 12 0 
a -14 12 0 
a -13 12 0 
a -12 12 0 
a -11 12 0 
a -10 12 0 
a -9 12 0 
a -8 12 0 
a -7 12 0 
a -6 12 0 
a -5 12 0 
a -4 12 0 
a -3 12 0 
a -2 12 0 
a -1 12 0 
a -16 12 1 
a -15 12 1 
a -14 12 1 
a -13 12 1 
a -12 12 1 
a -11 12 1 
a -10 12 1 
a -9 12 1 
a -8 12 1 
a -7 12 1 
a -6 12 1 
a -5 12 1 
a -4 12 1 
a -3 12 1 
a -2 12 1 
a -1 12 1 
a -3 12 2 
a -2 12 2 
a -1 12 2 
a -3 12 3 
a -1 12 3 
a -3 12 4 
a -2 12 4 
a -1 12 4 
a -1 13 0 
a -1 13 1 
a -3 13 2 
a -2 13 2 
a -1 13 2 
a -3 13 3 
a -1 13 3 
a -3 13 4 
a -2 13 4 
a -1 13 4 
a -1 13 5 
a -1 14 0 
a -1 14 1 
a -3 14 2 
a -2 14 2 
a -1 14 2 
a -3 14 3 
a -3 14 4 
a -2 14 4 
a -1 14 4 
a -1 14 5 
a -1 15 0 
a -1 15 1 
a -3 15 2 
a -2 15 2 
a -1 15 2 
a -3 15 3 
a -3 15 4 
a -2 15 4 
a -1 15 4 
a -1 15 5 
a -4 0 -3 
a -3 0 -3 
a -2 0 -3 
a -1 0 -3 
a -4 0 -2 
a -3 0 -2 
a -2 0 -2 
a -1 0 -2 
a -4 0 -1 
a -3 0 -1 
a -2 0 -1 
a -1 0 -1 
a -4 1 -3 
a -3 1 -3 
a -2 1 -3 
a -1 1 -3 
a -4 1 -2 
i -3 1 -2 
a -1 1 -2 
a -4 1 -1 
a -1 1 -1 
a -4 2 -3 
a -3 2 -3 
a -2 2 -3 
a -1 2 -3 
a -4 2 -2 
a -1 2 -2 b4
a -4 2 -1 
a -1 2 -1 
a -4 3 -3 
a -3 3 -3 
a -2 3 -3 
a -1 3 -3 
a -4 3 -2 
a -1 3 -2 b4
a -4 3 -1 
a -1 3 -1 
a -4 4 -3 
a -3 4 -3 
a -2 4 -3 
a -1 4 -3 
a -4 4 -2 
a -3 4 -2 
a -2 4 -2 
a -1 4 -2 
a -4 4 -1 
a -3 4 -1 
a -2 4 -1 
a -1 4 -1 
a -1 5 -3 
a -1 5 -2 
a -1 5 -1 
a -1 6 -3 
a -1 6 -2 
a -1 6 -1 
a -1 7 -3 
a -1 7 -2 
a -1 7 -1 
a -1 8 -3 
a -1 8 -2 
a -1 8 -1 
a -1 9 -3 
a -1 9 -2 
a -16 9 -1 
a -15 9 -1 
a -14 9 -1 
a -13 9 -1 
a -12 9 -1 
a -11 9 -1 
a -10 9 -1 
a -9 9 -1 
a -8 9 -1 
a -7 9 -1 
a -6 9 -1 
a -5 9 -1 
a -4 9 -1 
a -3 9 -1 
a -2 9 -1 
a -1 9 -1 
a -1 10 -3 
a -1 10 -2 
a -16 10 -1 
a -15 10 -1 
a -14 10 -1 
a -13 10 -1 
a -12 10 -1 
a -11 10 -1 
a -10 10 -1 
a -9 10 -1 
a -8 10 -1 
a -7 10 -1 
a -6 10 -1 
a -5 10 -1 
a -4 10 -1 
a -3 10 -1 
a -2 10 -1 
a -1 10 -1 
a -1 11 -3 
a -1 11 -2 
a -16 11 -1 
a -15 11 -1 
a -14 11 -1 
a -13 11 -1 
a -12 11 -1 
a -11 11 -1 
a -10 11 -1 
a -9 11 -1 
a -8 11 -1 
a -7 11 -1 
a -6 11 -1 
a -5 11 -1 
a -4 11 -1 
a -3 11 -1 
a -2 11 -1 
a -1 11 -1 
a -1 12 -3 
a -1 12 -2 
a -16 12 -1 
a -15 12 -1 
a -14 12 -1 
a -13 12 -1 
a -12 12 -1 
a -11 12 -1 
a -10 12 -1 
a -9 12 -1 
a -8 12 -1 
a -7 12 -1 
a -6 12 -1 
a -5 12 -1 
a -4 12 -1 
a -3 12 -1 
a -2 12 -1 
a -1 12 -1 
a -1 13 -3 
a -1 13 -2 
a -1 13 -1 
a -1 14 -3 
a -1 14 -2 
a -1 14 -1 
a -1 15 -3 
a -1 15 -2 
a -1 15 -1 
a -1 16 -3 
a -1 16 -2 
a -1 16 -1 
a -1 17 -3 
a -1 17 -2 
a -1 17 -1 
a -1 18 -3 
a -1 18 -2 
a -1 18 -1 
a -1 19 -3 
a -1 19 -2 
a -1 19 -1 
a -1 20 -3 
a -1 20 -2 
a -1 20 -1 

