a -2 4 -1 
a -1 4 -1 
a -2 5 -1 
a -1 5 -1 
a -2 6 -1 
a -1 6 -1 
a -2 7 -1 
a -1 7 -1 
a -2 8 -1 
a -1 8 -1 
a -2 9 -1 
a -1 9 -1 
a -1 11 -7 
a -1 11 -6 
a -1 11 -5 
a -1 11 -4 
a -1 11 -3 
a -1 11 -2 
a -1 11 -1 
a -1 12 -7 
a -1 12 -6 
a -1 12 -5 
a -1 12 -4 
a -1 12 -3 
a -1 12 -2 
a -1 12 -1 
a -1 13 -7 
a -1 13 -6 
a -1 13 -5 
a -1 13 -4 
a -1 13 -3 
a -1 13 -2 
a -1 13 -1 
a -1 14 -7 
a -1 14 -6 
a -1 14 -5 
a -1 14 -4 
a -1 14 -3 
a -1 14 -2 
a -1 14 -1 
a -1 15 -7 
a -1 15 -6 
a -1 15 -5 
a -1 15 -4 
a -1 15 -3 
a -1 15 -2 
a -1 15 -1 
c 5 3 -1 
c 6 3 -1 
c 7 3 -1 
c 8 3 -1 
c 9 3 -1 
c 10 3 -1 
c 11 3 -1 
c 12 3 -1 
a 0 4 -3 
a 1 4 -3 
a 2 4 -3 
a 0 4 -2 
a 1 4 -2 
a 2 4 -2 
a 5 4 -2 
a 6 4 -2 
a 7 4 -2 
a 8 4 -2 
a 9 4 -2 
a 10 4 -2 
a 11 4 -2 
a 12 4 -2 
a 13 4 -2 
a 0 4 -1 
a 1 4 -1 
a 2 4 -1 
a 3 4 -1 
a 4 4 -1 
h 8 4 -1 
a 13 4 -1 
a 0 5 -3 
a 1 5 -3 
a 2 5 -3 
a 0 5 -2 
b 1 5 -2 1
a 2 5 -2 
a 5 5 -2 
a 6 5 -2 
a 7 5 -2 
a 8 5 -2 
a 9 5 -2 
a 10 5 -2 
a 11 5 -2 
a 12 5 -2 
a 13 5 -2 
a 0 5 -1 
a 2 5 -1 
a 3 5 -1 
a 4 5 -1 
a 13 5 -1 
a 0 6 -3 
a 1 6 -3 
a 2 6 -3 
a 0 6 -2 
b 1 6 -2 1
a 2 6 -2 
a 5 6 -2 
a 6 6 -2 
a 7 6 -2 
a 8 6 -2 
a 9 6 -2 
a 10 6 -2 
a 11 6 -2 
a 12 6 -2 
a 13 6 -2 
a 0 6 -1 
a 2 6 -1 
a 3 6 -1 
a 4 6 -1 
a 13 6 -1 
a 0 7 -3 
a 1 7 -3 
a 2 7 -3 
a 0 7 -2 
b 1 7 -2 1
a 2 7 -2 
a 5 7 -2 
a 6 7 -2 
a 7 7 -2 
a 8 7 -2 
a 9 7 -2 
a 10 7 -2 
a 11 7 -2 
a 12 7 -2 
a 13 7 -2 
a 0 7 -1 
a 1 7 -1 
a 2 7 -1 
a 3 7 -1 
a 4 7 -1 
a 13 7 -1 
a 0 8 -3 
a 1 8 -3 
a 2 8 -3 
a 0 8 -2 
b 1 8 -2 1
a 2 8 -2 
a 5 8 -2 
a 6 8 -2 
a 7 8 -2 
a 8 8 -2 
a 9 8 -2 
a 10 8 -2 
a 11 8 -2 
a 12 8 -2 
a 13 8 -2 
a 0 8 -1 
a 1 8 -1 
a 2 8 -1 
a 3 8 -1 
a 4 8 -1 
a 13 8 -1 
a 0 9 -3 
a 1 9 -3 
a 2 9 -3 
a 0 9 -2 
b 1 9 -2 1
a 2 9 -2 
a 5 9 -2 
a 6 9 -2 
a 7 9 -2 
a 8 9 -2 
a 9 9 -2 
a 10 9 -2 
a 11 9 -2 
a 12 9 -2 
a 13 9 -2 
a 0 9 -1 
a 1 9 -1 
a 2 9 -1 
a 3 9 -1 
a 4 9 -1 
a 5 9 -1 
a 6 9 -1 
a 7 9 -1 
a 8 9 -1 
a 9 9 -1 
a 10 9 -1 
a 11 9 -1 
a 12 9 -1 
a 13 9 -1 
a 0 10 -3 
a 1 10 -3 
a 2 10 -3 
a 0 10 -2 
b 1 10 -2 1
a 2 10 -2 
a 0 10 -1 
a 1 10 -1 
a 2 10 -1 
a 0 11 -7 
a 1 11 -7 
a 2 11 -7 
a 3 11 -7 
a 0 11 -6 
a 1 11 -6 
a 2 11 -6 
a 3 11 -6 
a 0 11 -5 
a 1 11 -5 
a 2 11 -5 
a 3 11 -5 
a 0 11 -4 
a 1 11 -4 
a 2 11 -4 
a 3 11 -4 
a 0 11 -3 
a 1 11 -3 
a 2 11 -3 
a 3 11 -3 
a 0 11 -2 
a 2 11 -2 
a 3 11 -2 
a 0 11 -1 
a 1 11 -1 
a 2 11 -1 
a 3 11 -1 
a 0 12 -7 
a 1 12 -7 
a 2 12 -7 
a 3 12 -7 
a 3 12 -6 
a 3 12 -5 
B 0 12 -4 
O 1 12 -4 
E 2 12 -4 
a 3 12 -4 
a 3 12 -3 
a 3 12 -2 
a 0 12 -1 
a 1 12 -1 
a 2 12 -1 
a 3 12 -1 
a 0 13 -7 
a 1 13 -7 
a 2 13 -7 
a 3 13 -7 
a 3 13 -6 
a 3 13 -5 
a 3 13 -4 
a 3 13 -3 
a 3 13 -2 
a 0 13 -1 
a 1 13 -1 
a 2 13 -1 
a 3 13 -1 
a 0 14 -7 
a 1 14 -7 
a 2 14 -7 
a 3 14 -7 
a 3 14 -6 
a 3 14 -5 
a 3 14 -4 
a 3 14 -3 
a 3 14 -2 
a 0 14 -1 
a 1 14 -1 
a 2 14 -1 
a 3 14 -1 
a 0 15 -7 
a 1 15 -7 
a 2 15 -7 
a 3 15 -7 
a 3 15 -6 
a 3 15 -5 
a 3 15 -4 
a 3 15 -3 
a 3 15 -2 
a 0 15 -1 
a 1 15 -1 
a 2 15 -1 
a 3 15 -1 
a -1 16 -7 
a -1 16 -6 
a -1 16 -5 
a -1 16 -4 
a -1 16 -3 
a -1 16 -2 
a -1 16 -1 
a 0 16 -7 
a 1 16 -7 
a 2 16 -7 
a 3 16 -7 
a 0 16 -6 
a 1 16 -6 
a 2 16 -6 
a 3 16 -6 
a 0 16 -5 
a 1 16 -5 
a 2 16 -5 
a 3 16 -5 
a 0 16 -4 
a 1 16 -4 
a 2 16 -4 
a 3 16 -4 
a 0 16 -3 
a 1 16 -3 
a 2 16 -3 
a 3 16 -3 
a 0 16 -2 
a 1 16 -2 
a 2 16 -2 
a 3 16 -2 
a 0 16 -1 
a 1 16 -1 
a 2 16 -1 
a 3 16 -1 
c 5 3 0 
c 6 3 0 
c 7 3 0 
c 8 3 0 
c 9 3 0 
c 10 3 0 
c 11 3 0 
c 12 3 0 
c 5 3 1 
c 6 3 1 
c 7 3 1 
c 8 3 1 
c 9 3 1 
c 10 3 1 
c 11 3 1 
c 12 3 1 
c 5 3 2 
c 6 3 2 
c 7 3 2 
c 8 3 2 
c 9 3 2 
c 10 3 2 
c 11 3 2 
c 12 3 2 
c 5 3 3 
c 6 3 3 
c 7 3 3 
c 8 3 3 
c 9 3 3 
c 10 3 3 
c 11 3 3 
c 12 3 3 
a 0 4 0 
a 1 4 0 
a 2 4 0 
a 3 4 0 
a 4 4 0 
h 10 4 0 
a 13 4 0 
a 0 4 1 
a 1 4 1 
a 2 4 1 
a 3 4 1 
a 4 4 1 
h 6 4 1 
a 13 4 1 
a 0 4 2 
a 1 4 2 
a 2 4 2 
a 3 4 2 
a 4 4 2 
h 11 4 2 
a 13 4 2 
a 0 4 3 
a 1 4 3 
a 2 4 3 
a 3 4 3 
a 4 4 3 
a 13 4 3 
a 0 4 4 
a 1 4 4 
a 2 4 4 
a 3 4 4 
a 4 4 4 
a 5 4 4 
a 6 4 4 
a 7 4 4 
a 8 4 4 
a 9 4 4 
a 10 4 4 
a 11 4 4 
a 12 4 4 
a 13 4 4 
a 0 4 5 
a 1 4 5 
a 2 4 5 
a 3 4 5 
a 4 4 5 
a 5 4 5 
a 8 4 5 
a 9 4 5 
a 10 4 5 
a 11 4 5 
a 12 4 5 
a 13 4 5 
a 0 4 6 
a 1 4 6 
a 2 4 6 
a 3 4 6 
a 4 4 6 
a 5 4 6 
a 8 4 6 
a 9 4 6 
a 10 4 6 
a 11 4 6 
a 12 4 6 
a 13 4 6 
a 0 4 7 
a 1 4 7 
a 2 4 7 
a 3 4 7 
a 4 4 7 
a 5 4 7 
a 8 4 7 
a 9 4 7 
a 10 4 7 
a 11 4 7 
a 12 4 7 
a 13 4 7 
a 0 4 8 
a 1 4 8 
a 2 4 8 
a 3 4 8 
a 4 4 8 
a 5 4 8 
a 8 4 8 
a 9 4 8 
a 10 4 8 
a 11 4 8 
a 12 4 8 
a 13 4 8 
a 0 4 9 
a 1 4 9 
a 2 4 9 
a 3 4 9 
a 4 4 9 
a 5 4 9 
a 8 4 9 
a 9 4 9 
a 10 4 9 
a 11 4 9 
a 12 4 9 
a 13 4 9 
a 0 4 10 
a 1 4 10 
a 2 4 10 
a 3 4 10 
a 0 4 11 
a 1 4 11 
a 2 4 11 
a 3 4 11 
a 0 4 12 
a 1 4 12 
a 2 4 12 
a 3 4 12 
a 0 4 13 
a 1 4 13 
a 2 4 13 
a 3 4 13 
a 4 5 0 
a 13 5 0 
a 13 5 1 
e 1 5 2 a
a 4 5 2 
a 13 5 2 
f 1 5 3 f
a 4 5 3 
a 13 5 3 
a 4 5 4 
a 5 5 4 
a 6 5 4 
a 7 5 4 
a 8 5 4 
a 9 5 4 
a 10 5 4 
a 13 5 4 
a 0 5 5 e6
a 1 5 5 e6
a 2 5 5 e6
a 3 5 5 
a 4 5 5 
a 5 5 5 
a 8 5 5 
b 9 5 5 1
a 10 5 5 
a 13 5 5 
d 3 5 6 _e6
f 4 5 6 f
a 5 5 6 
a 8 5 6 
a 10 5 6 
a 13 5 6 
a 5 5 7 
a 8 5 7 
a 13 5 7 
a 5 5 8 
a 8 5 8 
a 13 5 8 
a 0 5 9 c8
a 1 5 9 c8
a 2 5 9 c8
a 3 5 9 
a 4 5 9 
a 5 5 9 
a 8 5 9 
a 9 5 9 
a 10 5 9 
a 11 5 9 
a 12 5 9 
a 13 5 9 
a 3 5 10 
a 3 5 11 
i 2 5 12 
a 3 5 12 
a 0 5 13 
a 1 5 13 
a 2 5 13 
a 3 5 13 
a 4 6 0 
a 13 6 0 
a 13 6 1 
a 4 6 2 
a 13 6 2 
a 4 6 3 
a 13 6 3 
a 4 6 4 
a 5 6 4 
a 6 6 4 
a 7 6 4 
a 8 6 4 
a 9 6 4 
a 10 6 4 
a 13 6 4 
a 0 6 5 e6
a 1 6 5 e6
a 2 6 5 e6
a 3 6 5 
a 4 6 5 
a 5 6 5 
a 8 6 5 
b 9 6 5 1
a 10 6 5 
a 13 6 5 
a 5 6 6 
a 8 6 6 
a 10 6 6 
a 13 6 6 
a 5 6 7 
a 8 6 7 
a 13 6 7 
a 5 6 8 
a 8 6 8 
a 13 6 8 
a 0 6 9 c8
a 1 6 9 c8
a 2 6 9 c8
a 3 6 9 
a 4 6 9 
a 5 6 9 
a 8 6 9 
a 9 6 9 
a 10 6 9 
a 11 6 9 
a 12 6 9 
a 13 6 9 
a 3 6 10 
a 3 6 11 
a 3 6 12 
a 0 6 13 
a 1 6 13 
a 2 6 13 
a 3 6 13 
a 4 7 0 
a 13 7 0 
a 13 7 1 
a 4 7 2 
a 13 7 2 
a 4 7 3 
a 13 7 3 
a 4 7 4 
a 5 7 4 
a 6 7 4 
a 7 7 4 
a 8 7 4 
a 9 7 4 
a 10 7 4 
a 13 7 4 
a 0 7 5 e6
a 1 7 5 e6
a 2 7 5 e6
a 3 7 5 
a 4 7 5 
a 5 7 5 
a 8 7 5 
b 9 7 5 1
a 10 7 5 
a 13 7 5 
a 5 7 6 
a 8 7 6 
a 10 7 6 
a 13 7 6 
a 5 7 7 
a 8 7 7 
a 13 7 7 
a 5 7 8 
a 8 7 8 
a 13 7 8 
a 0 7 9 c8
a 1 7 9 c8
a 2 7 9 c8
a 3 7 9 
a 4 7 9 
a 5 7 9 
a 8 7 9 
a 9 7 9 
a 10 7 9 
a 11 7 9 
a 12 7 9 
a 13 7 9 
a 3 7 10 
a 3 7 11 
a 3 7 12 
a 0 7 13 
a 1 7 13 
a 2 7 13 
a 3 7 13 
a 4 8 0 
a 13 8 0 
a 4 8 1 
a 13 8 1 
a 4 8 2 
a 13 8 2 
a 4 8 3 
a 13 8 3 
a 4 8 4 
a 5 8 4 
a 6 8 4 
a 7 8 4 
a 8 8 4 
a 9 8 4 
a 10 8 4 
a 13 8 4 
a 0 8 5 
a 1 8 5 
a 2 8 5 
a 3 8 5 
a 4 8 5 
a 5 8 5 
a 8 8 5 
b 9 8 5 1
a 10 8 5 
a 13 8 5 
a 5 8 6 
a 8 8 6 
a 10 8 6 
a 13 8 6 
a 5 8 7 
a 8 8 7 
a 13 8 7 
a 5 8 8 
a 8 8 8 
a 13 8 8 
a 0 8 9 
a 1 8 9 
a 2 8 9 
a 3 8 9 
a 4 8 9 
a 5 8 9 
a 8 8 9 
a 9 8 9 
a 10 8 9 
a 11 8 9 
a 12 8 9 
a 13 8 9 
a 0 8 10 
a 1 8 10 
a 2 8 10 
a 3 8 10 
a 0 8 11 
a 1 8 11 
a 2 8 11 
a 3 8 11 
a 0 8 12 
a 1 8 12 
a 2 8 12 
a 3 8 12 
a 0 8 13 
a 1 8 13 
a 2 8 13 
a 3 8 13 
a 0 9 0 
a 1 9 0 
a 2 9 0 
a 3 9 0 
a 4 9 0 
a 5 9 0 
a 6 9 0 
a 7 9 0 
a 8 9 0 
a 9 9 0 
a 10 9 0 
a 11 9 0 
a 12 9 0 
a 13 9 0 
a 0 9 1 
a 1 9 1 
a 2 9 1 
a 3 9 1 
a 4 9 1 
a 5 9 1 
a 6 9 1 
a 7 9 1 
a 8 9 1 
a 9 9 1 
a 10 9 1 
a 11 9 1 
a 12 9 1 
a 13 9 1 
a 0 9 2 
a 1 9 2 
a 2 9 2 
a 3 9 2 
a 4 9 2 
a 5 9 2 
a 6 9 2 
a 7 9 2 
a 8 9 2 
a 9 9 2 
a 10 9 2 
a 11 9 2 
a 12 9 2 
a 13 9 2 
a 0 9 3 
a 1 9 3 
a 2 9 3 
a 3 9 3 
a 4 9 3 
a 5 9 3 
a 6 9 3 
a 7 9 3 
a 8 9 3 
a 9 9 3 
a 10 9 3 
a 11 9 3 
a 12 9 3 
a 13 9 3 
a 0 9 4 
a 1 9 4 
a 2 9 4 
a 3 9 4 
a 4 9 4 
a 5 9 4 
a 6 9 4 
a 7 9 4 
a 8 9 4 
a 9 9 4 
a 10 9 4 
a 11 9 4 
a 12 9 4 
a 13 9 4 
a 0 9 5 
a 1 9 5 
a 2 9 5 
a 3 9 5 
a 4 9 5 
a 5 9 5 
a 8 9 5 
b 9 9 5 1
a 10 9 5 
a 11 9 5 
a 12 9 5 
a 13 9 5 
a 0 9 6 
a 1 9 6 
a 2 9 6 
a 5 9 6 
a 8 9 6 
a 9 9 6 
a 10 9 6 
a 11 9 6 
a 12 9 6 
a 13 9 6 
a 0 9 7 
a 1 9 7 
a 2 9 7 
a 5 9 7 
a 8 9 7 
a 9 9 7 
a 10 9 7 
a 11 9 7 
a 12 9 7 
a 13 9 7 
a 5 9 8 
a 8 9 8 
a 9 9 8 
a 10 9 8 
a 11 9 8 
a 12 9 8 
a 13 9 8 
a 0 9 9 
a 1 9 9 
a 2 9 9 
a 3 9 9 
a 4 9 9 
a 5 9 9 
a 8 9 9 
a 9 9 9 
a 10 9 9 
a 11 9 9 
a 12 9 9 
a 13 9 9 
a 0 10 1 
a 1 10 1 
a 2 10 1 
a 3 10 1 
a 4 10 1 
a 5 10 1 
a 6 10 1 
a 7 10 1 
a 8 10 1 
a 9 10 1 
a 10 10 1 
a 10 10 2 
a 10 10 3 
a 2 10 4 
a 3 10 4 
a 4 10 4 
a 5 10 4 
a 6 10 4 
a 7 10 4 
a 8 10 4 
a 10 10 4 
a 5 10 5 
a 8 10 5 
a 10 10 5 
a 5 10 6 
a 8 10 6 
a 9 10 6 
a 10 10 6 
a 0 10 7 
a 1 10 7 
a 2 10 7 
a 5 10 7 
a 0 10 8 
a 1 10 8 
a 2 10 8 
a 3 10 8 
a 4 10 8 
a 5 10 8 
a 0 11 1 
a 1 11 1 
a 2 11 1 
a 3 11 1 
a 4 11 1 
a 5 11 1 
a 6 11 1 
a 7 11 1 
a 8 11 1 
a 9 11 1 
a 10 11 1 
a 10 11 2 
a 10 11 3 
a 2 11 4 
a 3 11 4 
a 4 11 4 
a 5 11 4 
a 6 11 4 
a 7 11 4 
a 8 11 4 
a 10 11 4 
a 5 11 5 
a 8 11 5 
a 10 11 5 
a 5 11 6 
a 8 11 6 
a 9 11 6 
a 10 11 6 
a 0 11 7 
a 1 11 7 
a 2 11 7 
a 5 11 7 
a 0 11 8 
a 1 11 8 
a 2 11 8 
a 3 11 8 
a 4 11 8 
a 5 11 8 
a 0 12 1 
a 1 12 1 
a 2 12 1 
a 3 12 1 
a 4 12 1 
a 5 12 1 
a 6 12 1 
a 7 12 1 
a 8 12 1 
a 9 12 1 
a 10 12 1 
a 10 12 2 
a 10 12 3 
a 2 12 4 
a 3 12 4 
a 4 12 4 
a 5 12 4 
a 6 12 4 
a 7 12 4 
a 8 12 4 
a 10 12 4 
a 5 12 5 
a 8 12 5 
a 10 12 5 
a 5 12 6 
a 8 12 6 
a 9 12 6 
a 10 12 6 
a 0 12 7 
a 1 12 7 
a 2 12 7 
a 5 12 7 
a 0 12 8 
a 1 12 8 
a 2 12 8 
a 3 12 8 
a 4 12 8 
a 5 12 8 
a 0 13 1 
a 1 13 1 
a 2 13 1 
a 3 13 1 
a 4 13 1 
a 5 13 1 
a 6 13 1 
a 7 13 1 
a 8 13 1 
a 9 13 1 
a 10 13 1 
a 0 13 2 
a 1 13 2 
a 2 13 2 
a 3 13 2 
a 4 13 2 
a 5 13 2 
a 6 13 2 
a 7 13 2 
a 8 13 2 
a 9 13 2 
a 10 13 2 
a 0 13 3 
a 1 13 3 
a 2 13 3 
a 3 13 3 
a 4 13 3 
a 5 13 3 
a 6 13 3 
a 7 13 3 
a 8 13 3 
a 9 13 3 
a 10 13 3 
a 0 13 4 
a 1 13 4 
a 2 13 4 
a 3 13 4 
a 4 13 4 
a 5 13 4 
a 6 13 4 
a 7 13 4 
a 8 13 4 
a 9 13 4 
a 10 13 4 
a 0 13 5 
a 1 13 5 
a 2 13 5 
a 3 13 5 
a 4 13 5 
a 5 13 5 
a 6 13 5 
a 7 13 5 
a 8 13 5 
a 9 13 5 
a 10 13 5 
a 0 13 6 
a 1 13 6 
a 2 13 6 
a 3 13 6 
a 4 13 6 
a 5 13 6 
a 8 13 6 
a 9 13 6 
a 10 13 6 
a 0 13 7 
a 1 13 7 
a 2 13 7 
a 3 13 7 
a 4 13 7 
a 5 13 7 
a 0 13 8 
a 1 13 8 
a 2 13 8 
a 3 13 8 
a 4 13 8 
a 5 13 8 
a -2 4 0 
a -1 4 0 
a -2 4 1 
a -1 4 1 
a -2 4 2 
a -1 4 2 
a -2 4 3 
a -1 4 3 
a -10 4 4 
a -9 4 4 
a -8 4 4 
a -7 4 4 
a -6 4 4 
a -5 4 4 
a -4 4 4 
a -2 4 4 
a -1 4 4 
a -10 4 5 
a -9 4 5 
a -8 4 5 
a -7 4 5 
a -6 4 5 
a -5 4 5 
a -4 4 5 
a -2 4 5 
a -1 4 5 
a -10 4 6 
a -9 4 6 
a -8 4 6 
a -7 4 6 
a -6 4 6 
a -5 4 6 
a -4 4 6 
a -3 4 6 
a -2 4 6 
a -1 4 6 
a -10 4 7 
a -9 4 7 
a -8 4 7 
a -7 4 7 
a -6 4 7 
a -5 4 7 
a -4 4 7 
a -3 4 7 
a -2 4 7 
a -1 4 7 
a -10 4 8 
a -9 4 8 
a -8 4 8 
a -7 4 8 
a -6 4 8 
a -5 4 8 
a -4 4 8 
a -3 4 8 
a -2 4 8 
a -1 4 8 
a -10 4 9 
a -9 4 9 
a -8 4 9 
a -7 4 9 
a -6 4 9 
a -5 4 9 
a -4 4 9 
a -2 4 9 
a -1 4 9 
a -10 4 10 
a -9 4 10 
a -8 4 10 
a -7 4 10 
a -6 4 10 
a -5 4 10 
a -4 4 10 
a -3 4 10 
a -2 4 10 
a -1 4 10 
a -8 4 11 
a -7 4 11 
a -6 4 11 
a -5 4 11 
a -4 4 11 
a -3 4 11 
a -2 4 11 
a -1 4 11 
a -8 4 12 
a -7 4 12 
a -6 4 12 
a -5 4 12 
a -4 4 12 
a -3 4 12 
a -2 4 12 
a -1 4 12 
a -8 4 13 
a -7 4 13 
a -6 4 13 
a -5 4 13 
a -4 4 13 
a -3 4 13 
a -2 4 13 
a -1 4 13 
a -2 5 0 
a -2 5 1 
a -2 5 2 
a -2 5 3 
a -10 5 4 
a -9 5 4 
a -8 5 4 
a -7 5 4 
a -6 5 4 
a -5 5 4 
a -4 5 4 
a -2 5 4 
a -10 5 5 
a -4 5 5 
a -2 5 5 
a -1 5 5 
a -10 5 6 
a -4 5 6 
a -3 5 6 
a -2 5 6 
a -10 5 7 
a -4 5 7 
b -3 5 7 2
a -10 5 8 
a -4 5 8 
a -3 5 8 
a -2 5 8 
a -10 5 9 
a -4 5 9 
a -3 5 9 
a -2 5 9 
a -1 5 9 
a -10 5 10 
a -9 5 10 
a -8 5 10 
a -5 5 10 
a -4 5 10 
d -1 5 10 _c8
a -8 5 11 
a -8 5 12 
a -8 5 13 
a -7 5 13 
a -6 5 13 
a -5 5 13 
a -4 5 13 
a -3 5 13 
a -2 5 13 
a -1 5 13 
a -2 6 0 
a -2 6 1 
a -2 6 2 
a -2 6 3 
a -10 6 4 
a -9 6 4 
a -8 6 4 
a -7 6 4 
a -6 6 4 
a -5 6 4 
a -4 6 4 
a -2 6 4 
a -10 6 5 
a -4 6 5 
a -2 6 5 
a -1 6 5 
a -10 6 6 
a -4 6 6 
a -3 6 6 
a -2 6 6 
a -10 6 7 
a -4 6 7 
b -3 6 7 2
a -10 6 8 
a -4 6 8 
a -3 6 8 
a -2 6 8 
a -10 6 9 
a -4 6 9 
a -3 6 9 
a -2 6 9 
a -1 6 9 
a -10 6 10 
a -9 6 10 
a -8 6 10 
a -5 6 10 
a -4 6 10 
a -8 6 11 
a -8 6 12 
a -8 6 13 
a -7 6 13 
a -6 6 13 
a -5 6 13 
a -4 6 13 
a -3 6 13 
a -2 6 13 
a -1 6 13 
a -2 7 0 
a -2 7 1 
a -2 7 2 
a -2 7 3 
a -10 7 4 
a -9 7 4 
a -8 7 4 
a -7 7 4 
a -6 7 4 
a -5 7 4 
a -4 7 4 
a -2 7 4 
a -10 7 5 
a -4 7 5 
a -2 7 5 
a -1 7 5 
a -10 7 6 
a -4 7 6 
a -3 7 6 
a -2 7 6 
a -10 7 7 
a -4 7 7 
b -3 7 7 2
a -10 7 8 
a -4 7 8 
a -3 7 8 
a -2 7 8 
a -10 7 9 
a -4 7 9 
a -3 7 9 
a -2 7 9 
a -1 7 9 
a -10 7 10 
a -9 7 10 
a -8 7 10 
a -7 7 10 
a -6 7 10 
a -5 7 10 
a -4 7 10 
a -3 7 10 
a -8 7 11 
a -7 7 11 
a -6 7 11 
a -5 7 11 
a -4 7 11 
a -3 7 11 
a -8 7 12 
a -7 7 12 
a -6 7 12 
a -5 7 12 
a -4 7 12 
a -3 7 12 
a -8 7 13 
a -7 7 13 
a -6 7 13 
a -5 7 13 
a -4 7 13 
a -3 7 13 
a -2 7 13 
a -1 7 13 
a -2 8 0 
a -2 8 1 
a -2 8 2 
a -2 8 3 
a -10 8 4 
a -9 8 4 
a -8 8 4 
a -7 8 4 
a -6 8 4 
a -5 8 4 
a -4 8 4 
a -2 8 4 
a -10 8 5 
c -9 8 5 
c -8 8 5 
c -7 8 5 
c -6 8 5 
a -4 8 5 
a -2 8 5 
a -1 8 5 
a -10 8 6 
c -9 8 6 
c -8 8 6 
c -7 8 6 
c -6 8 6 
c -5 8 6 
a -4 8 6 
a -3 8 6 
a -2 8 6 
a -10 8 7 
c -9 8 7 
c -8 8 7 
c -7 8 7 
c -6 8 7 
c -5 8 7 
a -4 8 7 
b -3 8 7 2
a -2 8 7 
a -10 8 8 
c -9 8 8 
c -8 8 8 
c -7 8 8 
c -6 8 8 
c -5 8 8 
a -4 8 8 
a -3 8 8 
a -2 8 8 
a -10 8 9 
c -9 8 9 
c -8 8 9 
c -7 8 9 
c -6 8 9 
c -5 8 9 
a -4 8 9 
a -3 8 9 
a -2 8 9 
a -1 8 9 
a -10 8 10 
a -9 8 10 
a -8 8 10 
a -7 8 10 
a -6 8 10 
a -5 8 10 
a -4 8 10 
a -3 8 10 
a -2 8 10 
a -1 8 10 
a -3 8 11 
a -2 8 11 
a -1 8 11 
a -3 8 12 
a -2 8 12 
a -1 8 12 
a -3 8 13 
a -2 8 13 
a -1 8 13 
a -2 9 0 
a -1 9 0 
a -2 9 1 
a -1 9 1 
a -2 9 2 
a -1 9 2 
a -2 9 3 
a -1 9 3 
a -10 9 4 
a -9 9 4 
a -8 9 4 
a -7 9 4 
a -6 9 4 
a -5 9 4 
a -4 9 4 
a -2 9 4 
a -1 9 4 
a -10 9 5 
a -4 9 5 
a -2 9 5 
a -1 9 5 
a -10 9 6 
a -4 9 6 
a -3 9 6 
a -2 9 6 
a -1 9 6 
a -10 9 7 
a -4 9 7 
b -3 9 7 2
a -2 9 7 
a -1 9 7 
a -10 9 8 
a -4 9 8 
a -3 9 8 
a -2 9 8 
a -10 9 9 
a -4 9 9 
a -2 9 9 
a -1 9 9 
a -10 9 10 
a -9 9 10 
a -8 9 10 
a -7 9 10 
a -6 9 10 
a -5 9 10 
a -4 9 10 
a -1 10 1 
a -1 10 2 
a -1 10 3 
a -10 10 4 
a -9 10 4 
a -8 10 4 
a -7 10 4 
a -6 10 4 
a -5 10 4 
a -4 10 4 
a -1 10 4 
a -10 10 5 
a -4 10 5 
a -1 10 5 
a -10 10 6 
a -4 10 6 
a -3 10 6 
a -2 10 6 
a -1 10 6 
a -10 10 7 
a -4 10 7 
b -3 10 7 2
a -2 10 7 
a -1 10 7 
a -10 10 8 
a -4 10 8 
a -3 10 8 
a -2 10 8 
a -1 10 8 
a -10 10 9 
a -4 10 9 
a -10 10 10 
a -9 10 10 
a -8 10 10 
a -7 10 10 
a -6 10 10 
a -5 10 10 
a -4 10 10 
a -1 11 1 
a -1 11 2 
a -1 11 3 
a -10 11 4 
a -9 11 4 
a -8 11 4 
a -7 11 4 
a -6 11 4 
a -5 11 4 
a -4 11 4 
a -1 11 4 
a -10 11 5 
a -4 11 5 
a -1 11 5 
a -10 11 6 
a -4 11 6 
a -3 11 6 
a -2 11 6 
a -1 11 6 
a -10 11 7 
a -4 11 7 
b -3 11 7 2
a -2 11 7 
a -1 11 7 
a -10 11 8 
a -4 11 8 
a -3 11 8 
a -2 11 8 
a -1 11 8 
a -10 11 9 
a -4 11 9 
a -10 11 10 
a -9 11 10 
a -8 11 10 
a -7 11 10 
a -6 11 10 
a -5 11 10 
a -4 11 10 
a -1 12 1 
a -1 12 2 
a -1 12 3 
a -10 12 4 
a -9 12 4 
a -8 12 4 
a -7 12 4 
a -6 12 4 
a -5 12 4 
a -4 12 4 
a -1 12 4 
a -10 12 5 
c -9 12 5 
c -8 12 5 
c -7 12 5 
c -6 12 5 
c -5 12 5 
a -4 12 5 
a -1 12 5 
a -10 12 6 
c -9 12 6 
c -8 12 6 
c -7 12 6 
c -6 12 6 
c -5 12 6 
a -4 12 6 
a -3 12 6 
a -2 12 6 
a -1 12 6 
a -10 12 7 
c -9 12 7 
c -8 12 7 
c -7 12 7 
c -5 12 7 
a -4 12 7 
b -3 12 7 2
a -2 12 7 
a -1 12 7 
a -10 12 8 
c -9 12 8 
c -8 12 8 
c -7 12 8 
c -6 12 8 
c -5 12 8 
a -4 12 8 
a -3 12 8 
a -2 12 8 
a -1 12 8 
a -10 12 9 
c -9 12 9 
c -8 12 9 
c -7 12 9 
c -6 12 9 
c -5 12 9 
a -4 12 9 
a -10 12 10 
a -9 12 10 
a -8 12 10 
a -7 12 10 
a -6 12 10 
a -5 12 10 
a -4 12 10 
a -1 13 1 
a -1 13 2 
a -1 13 3 
a -10 13 4 
a -9 13 4 
a -8 13 4 
a -7 13 4 
a -6 13 4 
a -5 13 4 
a -4 13 4 
a -1 13 4 
a -10 13 5 
a -4 13 5 
a -1 13 5 
a -10 13 6 
a -4 13 6 
a -3 13 6 
a -2 13 6 
a -1 13 6 
a -10 13 7 
a -4 13 7 
b -3 13 7 2
a -2 13 7 
a -1 13 7 
a -10 13 8 
a -4 13 8 
a -3 13 8 
a -2 13 8 
a -1 13 8 
a -10 13 9 
a -4 13 9 
a -10 13 10 
a -9 13 10 
a -8 13 10 
a -7 13 10 
a -6 13 10 
a -5 13 10 
a -4 13 10 
a -10 14 4 
a -9 14 4 
a -8 14 4 
a -7 14 4 
a -6 14 4 
a -5 14 4 
a -4 14 4 
a -10 14 5 
a -4 14 5 
a -10 14 6 
a -4 14 6 
a -3 14 6 
a -2 14 6 
a -10 14 7 
a -4 14 7 
b -3 14 7 2
a -2 14 7 
a -10 14 8 
a -4 14 8 
a -3 14 8 
a -2 14 8 
a -10 14 9 
a -4 14 9 
a -10 14 10 
a -9 14 10 
a -8 14 10 
a -7 14 10 
a -6 14 10 
a -5 14 10 
a -4 14 10 
a -10 15 4 
a -9 15 4 
a -8 15 4 
a -7 15 4 
a -6 15 4 
a -5 15 4 
a -4 15 4 
a -10 15 5 
a -4 15 5 
a -10 15 6 
a -4 15 6 
a -3 15 6 
a -2 15 6 
a -10 15 7 
a -4 15 7 
b -3 15 7 2
a -2 15 7 
a -10 15 8 
a -4 15 8 
a -3 15 8 
a -2 15 8 
a -10 15 9 
a -4 15 9 
a -10 15 10 
a -9 15 10 
a -8 15 10 
a -7 15 10 
a -6 15 10 
a -5 15 10 
a -4 15 10 
a -10 16 4 
a -9 16 4 
a -8 16 4 
a -7 16 4 
a -6 16 4 
a -5 16 4 
a -4 16 4 
a -10 16 5 
c -9 16 5 
c -8 16 5 
c -7 16 5 
c -6 16 5 
c -5 16 5 
a -4 16 5 
a -10 16 6 
c -9 16 6 
c -8 16 6 
c -7 16 6 
c -6 16 6 
c -5 16 6 
a -4 16 6 
a -3 16 6 
a -2 16 6 
a -10 16 7 
c -9 16 7 
c -8 16 7 
c -7 16 7 
c -6 16 7 
c -5 16 7 
a -4 16 7 
b -3 16 7 2
a -2 16 7 
a -10 16 8 
c -9 16 8 
c -8 16 8 
c -7 16 8 
c -5 16 8 
a -4 16 8 
a -3 16 8 
a -2 16 8 
a -10 16 9 
c -9 16 9 
c -8 16 9 
c -7 16 9 
c -6 16 9 
c -5 16 9 
a -4 16 9 
a -10 16 10 
a -9 16 10 
a -8 16 10 
a -7 16 10 
a -6 16 10 
a -5 16 10 
a -4 16 10 
a -10 17 4 
a -9 17 4 
a -8 17 4 
a -7 17 4 
a -6 17 4 
a -5 17 4 
a -4 17 4 
a -10 17 5 
a -4 17 5 
a -10 17 6 
a -4 17 6 
a -3 17 6 
a -2 17 6 
a -10 17 7 
a -4 17 7 
b -3 17 7 2
a -2 17 7 
a -10 17 8 
a -4 17 8 
a -3 17 8 
a -2 17 8 
a -10 17 9 
a -4 17 9 
a -10 17 10 
a -9 17 10 
a -8 17 10 
a -7 17 10 
a -6 17 10 
a -5 17 10 
a -4 17 10 
a -10 18 4 
a -9 18 4 
a -8 18 4 
a -7 18 4 
a -6 18 4 
a -5 18 4 
a -4 18 4 
a -10 18 5 
a -4 18 5 
a -10 18 6 
a -4 18 6 
a -3 18 6 
a -2 18 6 
a -10 18 7 
a -4 18 7 
b -3 18 7 2
a -2 18 7 
a -10 18 8 
a -4 18 8 
a -3 18 8 
a -2 18 8 
a -10 18 9 
a -4 18 9 
a -10 18 10 
a -9 18 10 
a -8 18 10 
a -7 18 10 
a -6 18 10 
a -5 18 10 
a -4 18 10 
a -10 19 4 
a -9 19 4 
a -8 19 4 
a -7 19 4 
a -6 19 4 
a -5 19 4 
a -4 19 4 
a -10 19 5 
a -4 19 5 
a -10 19 6 
a -4 19 6 
a -3 19 6 
a -2 19 6 
a -10 19 7 
a -4 19 7 
b -3 19 7 2
a -2 19 7 
a -10 19 8 
a -4 19 8 
a -3 19 8 
a -2 19 8 
a -10 19 9 
a -4 19 9 
a -10 19 10 
a -9 19 10 
a -8 19 10 
a -7 19 10 
a -6 19 10 
a -5 19 10 
a -4 19 10 
a -10 20 4 
a -9 20 4 
a -8 20 4 
a -7 20 4 
a -6 20 4 
a -5 20 4 
a -4 20 4 
a -10 20 5 
a -4 20 5 
a -10 20 6 
a -4 20 6 
a -3 20 6 
a -2 20 6 
a -10 20 7 
a -2 20 7 
a -10 20 8 
a -4 20 8 
a -3 20 8 
a -2 20 8 
a -10 20 9 
a -4 20 9 
a -10 20 10 
a -9 20 10 
a -8 20 10 
a -7 20 10 
a -6 20 10 
a -5 20 10 
a -4 20 10 
a -10 21 4 
a -9 21 4 
a -8 21 4 
a -7 21 4 
a -6 21 4 
a -5 21 4 
a -4 21 4 
a -10 21 5 
a -4 21 5 
a -10 21 6 
a -4 21 6 
a -3 21 6 
a -2 21 6 
a -10 21 7 
a -2 21 7 
a -10 21 8 
a -4 21 8 
a -3 21 8 
a -2 21 8 
a -10 21 9 
a -4 21 9 
a -10 21 10 
a -9 21 10 
a -8 21 10 
a -7 21 10 
a -6 21 10 
a -5 21 10 
a -4 21 10 
a -10 22 4 
a -9 22 4 
a -8 22 4 
a -7 22 4 
a -6 22 4 
a -5 22 4 
a -4 22 4 
a -10 22 5 
a -9 22 5 
a -8 22 5 
a -7 22 5 
a -6 22 5 
a -5 22 5 
a -4 22 5 
a -10 22 6 
a -9 22 6 
a -8 22 6 
a -7 22 6 
a -6 22 6 
a -5 22 6 
a -4 22 6 
a -3 22 6 
a -2 22 6 
a -10 22 7 
a -9 22 7 
a -8 22 7 
a -7 22 7 
a -6 22 7 
a -5 22 7 
a -4 22 7 
a -3 22 7 
a -2 22 7 
a -10 22 8 
a -9 22 8 
a -8 22 8 
a -7 22 8 
a -6 22 8 
a -5 22 8 
a -4 22 8 
a -3 22 8 
a -2 22 8 
a -10 22 9 
a -9 22 9 
a -8 22 9 
a -7 22 9 
a -6 22 9 
a -5 22 9 
a -4 22 9 
a -10 22 10 
a -9 22 10 
a -8 22 10 
a -7 22 10 
a -6 22 10 
a -5 22 10 
a -4 22 10 

