a -6 0 -8 
a -5 0 -8 
a -4 0 -8 
a -3 0 -8 
a -2 0 -8 
a -1 0 -8 
a -6 0 -7 
a -5 0 -7 
a -4 0 -7 
c -3 0 -7 
c -2 0 -7 
a -1 0 -7 
a -6 0 -6 
a -5 0 -6 
a -4 0 -6 
c -3 0 -6 
c -2 0 -6 
a -1 0 -6 
a -6 0 -5 
a -5 0 -5 
a -4 0 -5 
c -3 0 -5 
c -2 0 -5 
a -1 0 -5 
a -6 0 -4 
a -5 0 -4 
a -4 0 -4 
a -3 0 -4 
a -2 0 -4 
a -1 0 -4 
a -6 1 -8 
a -5 1 -8 
a -4 1 -8 
a -3 1 -8 
a -2 1 -8 
a -1 1 -8 
a -6 1 -7 
E -5 1 -7 
a -6 1 -6 
a -6 1 -5 
a -6 1 -4 
a -5 1 -4 
a -4 1 -4 
a -3 1 -4 
a -2 1 -4 
a -1 1 -4 
a -6 2 -8 
a -5 2 -8 
a -4 2 -8 
a -3 2 -8 
a -2 2 -8 
a -1 2 -8 
a -6 2 -7 
a -6 2 -6 
a -6 2 -5 
a -6 2 -4 
a -5 2 -4 
a -4 2 -4 
a -3 2 -4 
a -2 2 -4 
a -1 2 -4 
a -6 3 -8 
a -5 3 -8 
a -4 3 -8 
a -3 3 -8 
a -2 3 -8 
a -1 3 -8 
a -6 3 -7 
a -6 3 -6 
a -6 3 -5 
a -6 3 -4 
a -5 3 -4 
a -4 3 -4 
a -3 3 -4 
a -2 3 -4 
a -1 3 -4 
a -6 4 -8 
a -5 4 -8 
a -4 4 -8 
a -3 4 -8 
a -2 4 -8 
a -1 4 -8 
a -6 4 -7 
a -6 4 -6 
a -6 4 -5 
a -6 4 -4 
a -5 4 -4 
a -4 4 -4 
a -3 4 -4 
a -2 4 -4 
a -1 4 -4 
a -6 5 -8 
a -5 5 -8 
a -4 5 -8 
a -3 5 -8 
a -2 5 -8 
a -1 5 -8 
a -6 5 -7 
a -6 5 -6 
a -6 5 -5 
a -6 5 -4 
a -5 5 -4 
a -4 5 -4 
a -3 5 -4 
a -2 5 -4 
a -1 5 -4 
a -6 6 -8 
a -5 6 -8 
a -4 6 -8 
a -3 6 -8 
a -2 6 -8 
a -1 6 -8 
a -6 6 -7 
a -5 6 -7 
a -4 6 -7 
a -3 6 -7 
a -2 6 -7 
a -1 6 -7 
a -6 6 -6 
a -5 6 -6 
a -4 6 -6 
a -3 6 -6 
a -2 6 -6 
a -1 6 -6 
a -6 6 -5 
a -5 6 -5 
a -4 6 -5 
a -3 6 -5 
a -2 6 -5 
a -1 6 -5 
a -6 6 -4 
a -5 6 -4 
a -4 6 -4 
a -3 6 -4 
a -2 6 -4 
a -1 6 -4 
a 1 0 -10 
a 2 0 -10 
a 3 0 -10 
a 4 0 -10 
a 5 0 -10 
a 6 0 -10 
a 7 0 -10 
a 8 0 -10 
a 1 0 -9 
a 2 0 -9 
a 3 0 -9 
a 4 0 -9 
a 5 0 -9 
a 6 0 -9 
a 7 0 -9 
a 8 0 -9 
a 0 0 -8 
a 1 0 -8 
a 2 0 -8 
a 3 0 -8 
a 4 0 -8 
a 5 0 -8 
a 6 0 -8 
a 7 0 -8 
a 8 0 -8 
a 0 0 -7 
a 1 0 -7 
a 2 0 -7 
a 3 0 -7 
a 4 0 -7 
a 5 0 -7 
a 6 0 -7 
a 7 0 -7 
a 8 0 -7 
a 0 0 -6 
a 1 0 -6 
a 2 0 -6 
a 3 0 -6 
a 4 0 -6 
a 5 0 -6 
a 6 0 -6 
a 7 0 -6 
a 8 0 -6 
a 0 0 -5 
a 1 0 -5 
a 2 0 -5 
a 3 0 -5 
a 4 0 -5 
a 5 0 -5 
a 6 0 -5 
a 7 0 -5 
a 8 0 -5 
a 0 0 -4 
a 1 0 -4 
a 2 0 -4 
a 3 0 -4 
a 4 0 -4 
a 5 0 -4 
a 6 0 -4 
a 7 0 -4 
a 8 0 -4 
a 0 0 -3 
a 1 0 -3 
a 2 0 -3 
a 3 0 -3 
a 4 0 -3 
a 5 0 -3 
a 6 0 -3 
a 7 0 -3 
a 8 0 -3 
a 0 0 -2 
a 1 0 -2 
a 2 0 -2 
a 3 0 -2 
a 4 0 -2 
a 5 0 -2 
a 6 0 -2 
a 7 0 -2 
a 8 0 -2 
a 0 0 -1 
a 1 0 -1 
a 2 0 -1 
a 3 0 -1 
a 4 0 -1 
a 5 0 -1 
a 6 0 -1 
a 7 0 -1 
a 8 0 -1 
a 1 1 -10 
a 2 1 -10 
a 3 1 -10 
a 4 1 -10 
a 5 1 -10 
a 6 1 -10 
a 7 1 -10 
a 8 1 -10 
a 1 1 -9 
a 5 1 -9 c8
d 6 1 -9 _c8
B 7 1 -9 
a 8 1 -9 
a 0 1 -8 
a 1 1 -8 
a 5 1 -8 
a 6 1 -8 
a 7 1 -8 
a 8 1 -8 
a 1 1 -7 
d 2 1 -7 _e6
e 3 1 -7 a
a 8 1 -7 
a 1 1 -6 
a 2 1 -6 e6
a 3 1 -6 
a 4 1 -6 
a 5 1 -6 
a 6 1 -6 
a 7 1 -6 
a 8 1 -6 
i 7 1 -5 
a 8 1 -5 
a 0 1 -4 
a 1 1 -4 
a 8 1 -4 
a 0 1 -3 
a 1 1 -3 
a 3 1 -3 
a 4 1 -3 
a 5 1 -3 
a 6 1 -3 
a 7 1 -3 
a 8 1 -3 
a 0 1 -2 
e 1 1 -2 b
a 7 1 -2 
a 8 1 -2 
a 0 1 -1 
e 1 1 -1 b
a 7 1 -1 
a 8 1 -1 
a 1 2 -10 
a 2 2 -10 
a 3 2 -10 
a 4 2 -10 
a 5 2 -10 
a 6 2 -10 
a 7 2 -10 
a 8 2 -10 
a 1 2 -9 
a 5 2 -9 c8
a 8 2 -9 
a 0 2 -8 
a 1 2 -8 
a 5 2 -8 
a 6 2 -8 
a 7 2 -8 
a 8 2 -8 
a 1 2 -7 
a 8 2 -7 
a 1 2 -6 
a 2 2 -6 e6
a 3 2 -6 
a 4 2 -6 
a 5 2 -6 
a 6 2 -6 
a 7 2 -6 
a 8 2 -6 
a 8 2 -5 
a 0 2 -4 
a 1 2 -4 
a 8 2 -4 
a 0 2 -3 
a 1 2 -3 
a 3 2 -3 
a 4 2 -3 
a 5 2 -3 
a 6 2 -3 
a 7 2 -3 
a 8 2 -3 
a 0 2 -2 
a 7 2 -2 
a 8 2 -2 
a 0 2 -1 
a 7 2 -1 
a 8 2 -1 
a 1 3 -10 
a 2 3 -10 
a 3 3 -10 
a 4 3 -10 
a 5 3 -10 
a 6 3 -10 
a 7 3 -10 
a 8 3 -10 
a 1 3 -9 
a 5 3 -9 c8
a 8 3 -9 
a 0 3 -8 
a 1 3 -8 
a 5 3 -8 
a 6 3 -8 
a 7 3 -8 
a 8 3 -8 
a 1 3 -7 
a 8 3 -7 
a 1 3 -6 
a 2 3 -6 e6
a 3 3 -6 
a 4 3 -6 
a 5 3 -6 
a 6 3 -6 
a 7 3 -6 
a 8 3 -6 
a 8 3 -5 
a 0 3 -4 
a 1 3 -4 
a 8 3 -4 
a 0 3 -3 
a 1 3 -3 
a 3 3 -3 
a 4 3 -3 
a 5 3 -3 
a 6 3 -3 
a 7 3 -3 
a 8 3 -3 
a 0 3 -2 
a 8 3 -2 
a 0 3 -1 
O 7 3 -1 
a 8 3 -1 
a 1 4 -10 
a 2 4 -10 
a 3 4 -10 
a 4 4 -10 
a 5 4 -10 
a 6 4 -10 
a 7 4 -10 
a 8 4 -10 
a 1 4 -9 
a 5 4 -9 c8
a 8 4 -9 
a 0 4 -8 
a 1 4 -8 
a 5 4 -8 
a 6 4 -8 
a 7 4 -8 
a 8 4 -8 
a 1 4 -7 
a 8 4 -7 
a 1 4 -6 
a 2 4 -6 e6
a 3 4 -6 
a 4 4 -6 
a 5 4 -6 
a 6 4 -6 
a 7 4 -6 
a 8 4 -6 
a 8 4 -5 
a 0 4 -4 
a 1 4 -4 
a 8 4 -4 
a 0 4 -3 
a 1 4 -3 
a 3 4 -3 
a 4 4 -3 
a 5 4 -3 
a 6 4 -3 
a 7 4 -3 
a 8 4 -3 
a 0 4 -2 
a 8 4 -2 
a 0 4 -1 
a 8 4 -1 
a 1 5 -10 
a 2 5 -10 
a 3 5 -10 
a 4 5 -10 
a 5 5 -10 
a 6 5 -10 
a 7 5 -10 
a 8 5 -10 
a 1 5 -9 
a 5 5 -9 c8
a 8 5 -9 
a 0 5 -8 
a 1 5 -8 
a 5 5 -8 
a 6 5 -8 
a 7 5 -8 
a 8 5 -8 
a 1 5 -7 
a 8 5 -7 
a 1 5 -6 
a 2 5 -6 e6
a 3 5 -6 
a 4 5 -6 
a 5 5 -6 
a 6 5 -6 
a 7 5 -6 
a 8 5 -6 
a 8 5 -5 
a 0 5 -4 
a 1 5 -4 
a 8 5 -4 
a 0 5 -3 
a 1 5 -3 
a 3 5 -3 
a 4 5 -3 
a 5 5 -3 
a 6 5 -3 
a 7 5 -3 
a 8 5 -3 
a 0 5 -2 
a 8 5 -2 
a 0 5 -1 
a 8 5 -1 
a 1 6 -10 
a 2 6 -10 
a 3 6 -10 
a 4 6 -10 
a 5 6 -10 
a 6 6 -10 
a 7 6 -10 
a 8 6 -10 
a 1 6 -9 
a 2 6 -9 
a 3 6 -9 
a 4 6 -9 
a 5 6 -9 
a 6 6 -9 
a 7 6 -9 
a 8 6 -9 
a 0 6 -8 
a 1 6 -8 
a 2 6 -8 
a 3 6 -8 
a 4 6 -8 
a 5 6 -8 
a 6 6 -8 
a 7 6 -8 
a 8 6 -8 
a 0 6 -7 
a 1 6 -7 
a 2 6 -7 
a 3 6 -7 
a 4 6 -7 
a 5 6 -7 
a 6 6 -7 
a 7 6 -7 
a 8 6 -7 
a 0 6 -6 
a 1 6 -6 
a 2 6 -6 
a 3 6 -6 
a 4 6 -6 
a 5 6 -6 
a 6 6 -6 
a 7 6 -6 
a 8 6 -6 
a 0 6 -5 
a 1 6 -5 
a 2 6 -5 
a 3 6 -5 
a 4 6 -5 
a 5 6 -5 
a 6 6 -5 
a 7 6 -5 
a 8 6 -5 
a 0 6 -4 
a 1 6 -4 
a 2 6 -4 
a 3 6 -4 
a 4 6 -4 
a 5 6 -4 
a 6 6 -4 
a 7 6 -4 
a 8 6 -4 
a 0 6 -3 
a 1 6 -3 
a 2 6 -3 
a 3 6 -3 
a 4 6 -3 
a 5 6 -3 
a 6 6 -3 
a 7 6 -3 
a 8 6 -3 
a 0 6 -2 
a 1 6 -2 
a 2 6 -2 
a 3 6 -2 
a 4 6 -2 
a 5 6 -2 
a 6 6 -2 
a 7 6 -2 
a 8 6 -2 
a 0 6 -1 
a 1 6 -1 
a 2 6 -1 
a 3 6 -1 
a 4 6 -1 
a 5 6 -1 
a 6 6 -1 
a 7 6 -1 
a 8 6 -1 
a 0 0 0 
a 1 0 0 
a 2 0 0 
a 3 0 0 
a 4 0 0 
a 5 0 0 
a 6 0 0 
a 7 0 0 
a 8 0 0 
a 0 0 1 
a 1 0 1 
a 2 0 1 
a 3 0 1 
a 4 0 1 
a 5 0 1 
a 6 0 1 
a 7 0 1 
a 8 0 1 
a 0 1 0 
e 1 1 0 b
a 7 1 0 
a 8 1 0 
a 0 1 1 
a 1 1 1 
a 2 1 1 
a 3 1 1 
a 4 1 1 
a 5 1 1 
a 6 1 1 
a 7 1 1 
a 8 1 1 
a 0 2 0 
a 7 2 0 
a 8 2 0 
a 0 2 1 
a 1 2 1 
a 2 2 1 
a 3 2 1 
a 4 2 1 
a 5 2 1 
a 6 2 1 
a 7 2 1 
a 8 2 1 
a 0 3 0 
a 8 3 0 
a 0 3 1 
a 1 3 1 
a 2 3 1 
a 3 3 1 
a 4 3 1 
a 5 3 1 
a 6 3 1 
a 7 3 1 
a 8 3 1 
a 0 4 0 
a 8 4 0 
a 0 4 1 
a 1 4 1 
a 2 4 1 
a 3 4 1 
a 4 4 1 
a 5 4 1 
a 6 4 1 
a 7 4 1 
a 8 4 1 
a 0 5 0 
a 8 5 0 
a 0 5 1 
a 1 5 1 
a 2 5 1 
a 3 5 1 
a 4 5 1 
a 5 5 1 
a 6 5 1 
a 7 5 1 
a 8 5 1 
a 0 6 0 
a 1 6 0 
a 2 6 0 
a 3 6 0 
a 4 6 0 
a 5 6 0 
a 6 6 0 
a 7 6 0 
a 8 6 0 
a 0 6 1 
a 1 6 1 
a 2 6 1 
a 3 6 1 
a 4 6 1 
a 5 6 1 
a 6 6 1 
a 7 6 1 
a 8 6 1 

