c -6 0 -5 
c -5 0 -5 
c -4 0 -5 
c -6 0 -4 
c -5 0 -4 
c -4 0 -4 
a -4 1 -7 
a -3 1 -7 
a -2 1 -7 
a -1 1 -7 
a -10 1 -6 
a -9 1 -6 
a -8 1 -6 
a -7 1 -6 
a -6 1 -6 
a -5 1 -6 
a -4 1 -6 
a -3 1 -6 
a -2 1 -6 
a -1 1 -6 
a -10 1 -5 
a -9 1 -5 
a -8 1 -5 
a -7 1 -5 
a -6 1 -5 
h -5 1 -5 
h -4 1 -5 
a -3 1 -5 
a -2 1 -5 
a -1 1 -5 
a -10 1 -4 
a -9 1 -4 
a -8 1 -4 
a -7 1 -4 
a -6 1 -4 
h -5 1 -4 
h -4 1 -4 
a -3 1 -4 
a -2 1 -4 
a -1 1 -4 
a -10 1 -3 
a -9 1 -3 
a -8 1 -3 
a -7 1 -3 
a -6 1 -3 
a -5 1 -3 
a -4 1 -3 
a -3 1 -3 
a -2 1 -3 
a -1 1 -3 
a -10 1 -2 
a -9 1 -2 
a -8 1 -2 
a -7 1 -2 
a -6 1 -2 
a -4 1 -2 
a -3 1 -2 
a -2 1 -2 
a -1 1 -2 
a -10 1 -1 
a -9 1 -1 
a -8 1 -1 
a -7 1 -1 
a -6 1 -1 
a -4 2 -7 
a -3 2 -7 
a -2 2 -7 
a -1 2 -7 
a -10 2 -6 
a -9 2 -6 
a -8 2 -6 
a -7 2 -6 
a -6 2 -6 
a -5 2 -6 
a -4 2 -6 
a -1 2 -6 
a -10 2 -5 
E -2 2 -5 
a -1 2 -5 
a -10 2 -4 
f -5 2 -4 k0
O -2 2 -4 
a -1 2 -4 
a -10 2 -3 
a -6 2 -3 
a -5 2 -3 
a -4 2 -3 
B -2 2 -3 
a -1 2 -3 
a -10 2 -2 
c -9 2 -2 e6
c -8 2 -2 e6
c -7 2 -2 e6
a -6 2 -2 
a -4 2 -2 
a -3 2 -2 
a -2 2 -2 
a -1 2 -2 
a -10 2 -1 
a -6 2 -1 
a -4 3 -7 
a -3 3 -7 
a -2 3 -7 
a -1 3 -7 
a -10 3 -6 
a -9 3 -6 
a -8 3 -6 
a -7 3 -6 
a -6 3 -6 
a -5 3 -6 
a -4 3 -6 
a -1 3 -6 
a -10 3 -5 
a -1 3 -5 
a -10 3 -4 
a -1 3 -4 
a -10 3 -3 
a -6 3 -3 
a -5 3 -3 
a -4 3 -3 
a -1 3 -3 
a -10 3 -2 
a -6 3 -2 
a -4 3 -2 
a -3 3 -2 
a -2 3 -2 
a -1 3 -2 
a -10 3 -1 
a -6 3 -1 
a -4 4 -7 
a -3 4 -7 
a -2 4 -7 
a -1 4 -7 
a -10 4 -6 
a -9 4 -6 
a -8 4 -6 
a -7 4 -6 
a -6 4 -6 
a -5 4 -6 
a -4 4 -6 
a -1 4 -6 
a -10 4 -5 
a -1 4 -5 
a -10 4 -4 
a -1 4 -4 
a -10 4 -3 
a -6 4 -3 
a -5 4 -3 
a -4 4 -3 
a -1 4 -3 
a -10 4 -2 
a -6 4 -2 
a -4 4 -2 
a -3 4 -2 
a -2 4 -2 
a -1 4 -2 
a -10 4 -1 
a -6 4 -1 
a -4 5 -7 
a -3 5 -7 
a -2 5 -7 
a -1 5 -7 
a -10 5 -6 
a -9 5 -6 
a -8 5 -6 
a -7 5 -6 
a -6 5 -6 
a -5 5 -6 
a -4 5 -6 
a -1 5 -6 
a -10 5 -5 
a -1 5 -5 
a -10 5 -4 
a -1 5 -4 
a -10 5 -3 
a -6 5 -3 
a -5 5 -3 
a -4 5 -3 
a -1 5 -3 
a -10 5 -2 
a -6 5 -2 
a -4 5 -2 
a -3 5 -2 
a -2 5 -2 
a -1 5 -2 
a -10 5 -1 
a -6 5 -1 
a -4 6 -7 
a -3 6 -7 
a -2 6 -7 
a -1 6 -7 
a -10 6 -6 
a -9 6 -6 
a -8 6 -6 
a -7 6 -6 
a -6 6 -6 
a -5 6 -6 
a -4 6 -6 
a -3 6 -6 
a -2 6 -6 
a -1 6 -6 
a -10 6 -5 
a -9 6 -5 
a -8 6 -5 
a -7 6 -5 
a -6 6 -5 
a -5 6 -5 
a -4 6 -5 
a -3 6 -5 
a -2 6 -5 
a -1 6 -5 
a -10 6 -4 
a -9 6 -4 
a -8 6 -4 
a -7 6 -4 
a -6 6 -4 
a -5 6 -4 
a -4 6 -4 
a -3 6 -4 
a -2 6 -4 
a -1 6 -4 
a -10 6 -3 
a -9 6 -3 
a -8 6 -3 
a -7 6 -3 
a -6 6 -3 
a -5 6 -3 
a -4 6 -3 
a -3 6 -3 
a -2 6 -3 
a -1 6 -3 
a -10 6 -2 
a -9 6 -2 
a -8 6 -2 
a -7 6 -2 
a -6 6 -2 
a -4 6 -2 
a -3 6 -2 
a -2 6 -2 
a -1 6 -2 
a -10 6 -1 
a -9 6 -1 
a -8 6 -1 
a -7 6 -1 
a -6 6 -1 
a -10 1 0 
a -9 1 0 
a -8 1 0 
a -7 1 0 
a -6 1 0 
a -10 1 1 
a -9 1 1 
a -8 1 1 
a -7 1 1 
a -6 1 1 
a -10 1 2 
a -9 1 2 
a -8 1 2 
a -7 1 2 
a -6 1 2 
a -4 1 2 
a -3 1 2 
a -2 1 2 
a -1 1 2 
a -10 1 3 
a -9 1 3 
a -8 1 3 
a -7 1 3 
a -6 1 3 
a -5 1 3 
a -4 1 3 
a -3 1 3 
a -2 1 3 
a -1 1 3 
a -10 1 4 
a -9 1 4 
a -8 1 4 
a -7 1 4 
a -6 1 4 
a -5 1 4 
a -4 1 4 
a -3 1 4 
a -2 1 4 
a -1 1 4 
a -10 1 5 
a -9 1 5 
a -8 1 5 
a -7 1 5 
a -6 1 5 
a -5 1 5 
a -4 1 5 
a -3 1 5 
a -2 1 5 
a -1 1 5 
a -10 1 6 
a -9 1 6 
a -8 1 6 
a -7 1 6 
a -6 1 6 
a -4 1 6 
a -3 1 6 
a -2 1 6 
a -1 1 6 
a -10 2 0 
j -8 2 0 0,e6
a -6 2 0 
a -10 2 1 
a -9 2 1 e6
a -8 2 1 e6
a -7 2 1 e6
a -6 2 1 
a -10 2 2 
e -8 2 2 c
a -6 2 2 
a -4 2 2 
a -3 2 2 
a -2 2 2 
a -1 2 2 
a -10 2 3 
a -6 2 3 
a -5 2 3 
a -4 2 3 
h -3 2 3 
h -2 2 3 
h -1 2 3 
a -10 2 4 
f -8 2 4 a
b -5 2 4 0
a -4 2 4 
h -3 2 4 
h -2 2 4 
h -1 2 4 
a -10 2 5 
a -6 2 5 
a -5 2 5 
a -4 2 5 
h -3 2 5 
h -2 2 5 
h -1 2 5 
a -10 2 6 
a -9 2 6 
a -8 2 6 
a -7 2 6 
a -6 2 6 
a -4 2 6 
a -3 2 6 
a -2 2 6 
a -1 2 6 
a -10 3 0 
a -6 3 0 
a -10 3 1 
a -9 3 1 e6
a -8 3 1 e6
a -7 3 1 e6
a -6 3 1 
a -10 3 2 
a -6 3 2 
a -4 3 2 
a -3 3 2 
a -2 3 2 
a -1 3 2 
a -10 3 3 
a -6 3 3 
a -5 3 3 
a -4 3 3 
h -3 3 3 
h -2 3 3 
h -1 3 3 
a -10 3 4 
b -5 3 4 0
a -4 3 4 
h -3 3 4 
h -2 3 4 
h -1 3 4 
a -10 3 5 
a -6 3 5 
a -5 3 5 
a -4 3 5 
h -3 3 5 
h -2 3 5 
h -1 3 5 
a -10 3 6 
a -9 3 6 
a -8 3 6 
a -7 3 6 
a -6 3 6 
a -4 3 6 
a -3 3 6 
a -2 3 6 
a -1 3 6 
a -10 4 0 
a -6 4 0 
a -10 4 1 
a -9 4 1 e6
a -8 4 1 e6
a -7 4 1 e6
a -6 4 1 
a -10 4 2 
a -6 4 2 
a -4 4 2 
a -3 4 2 
a -2 4 2 
a -1 4 2 
a -10 4 3 
a -6 4 3 
a -5 4 3 
a -4 4 3 
c -3 4 3 c8
c -2 4 3 c8
c -1 4 3 c8
a -10 4 4 
b -5 4 4 0
a -4 4 4 
c -3 4 4 c8
c -2 4 4 c8
c -1 4 4 c8
a -10 4 5 
a -6 4 5 
a -5 4 5 
a -4 4 5 
c -3 4 5 c8
c -2 4 5 c8
c -1 4 5 c8
a -10 4 6 
a -9 4 6 
a -8 4 6 
a -7 4 6 
a -6 4 6 
a -4 4 6 
a -3 4 6 
a -2 4 6 
a -1 4 6 
a -10 5 0 
a -6 5 0 
a -10 5 1 
a -9 5 1 e6
a -8 5 1 e6
a -7 5 1 e6
a -6 5 1 
a -10 5 2 
a -6 5 2 
a -4 5 2 
a -3 5 2 
a -2 5 2 
a -1 5 2 
a -10 5 3 
a -6 5 3 
a -5 5 3 
a -4 5 3 
a -10 5 4 
a -6 5 4 
f -4 5 4 f
a -10 5 5 
a -6 5 5 
a -5 5 5 
a -4 5 5 
a -10 5 6 
a -9 5 6 
a -8 5 6 
a -7 5 6 
a -6 5 6 
a -4 5 6 
a -3 5 6 
a -2 5 6 
a -1 5 6 
a -10 6 0 
a -9 6 0 
a -8 6 0 
a -7 6 0 
a -6 6 0 
a -10 6 1 
a -9 6 1 
a -8 6 1 
a -7 6 1 
a -6 6 1 
a -10 6 2 
a -9 6 2 
a -8 6 2 
a -7 6 2 
a -6 6 2 
a -4 6 2 
a -3 6 2 
a -2 6 2 
a -1 6 2 
a -10 6 3 
a -9 6 3 
a -8 6 3 
a -7 6 3 
a -6 6 3 
a -5 6 3 
a -4 6 3 
a -10 6 4 
a -9 6 4 
a -8 6 4 
a -7 6 4 
a -6 6 4 
a -10 6 5 
a -9 6 5 
a -8 6 5 
a -7 6 5 
a -6 6 5 
a -5 6 5 
a -4 6 5 
a -10 6 6 
a -9 6 6 
a -8 6 6 
a -7 6 6 
a -6 6 6 
a -4 6 6 
a -3 6 6 
a -2 6 6 
a -1 6 6 
a -4 7 2 
a -3 7 2 
a -2 7 2 
a -1 7 2 
a -6 7 3 
a -5 7 3 
a -4 7 3 
a -3 7 3 
a -2 7 3 
a -1 7 3 
a -6 7 4 
a -5 7 4 
a -4 7 4 
a -3 7 4 
a -2 7 4 
a -1 7 4 
a -6 7 5 
a -5 7 5 
a -4 7 5 
a -3 7 5 
a -2 7 5 
a -1 7 5 
a -4 7 6 
a -3 7 6 
a -2 7 6 
a -1 7 6 
a 1 1 0 
a 2 1 0 
a 3 1 0 
a 4 1 0 
a 5 1 0 
a 1 1 1 
a 2 1 1 
a 3 1 1 
a 4 1 1 
a 0 1 2 
a 1 1 2 
a 2 1 2 
a 3 1 2 
a 4 1 2 
a 0 1 3 
a 1 1 3 
a 2 1 3 
a 3 1 3 
a 4 1 3 
a 0 1 4 
a 1 1 4 
a 2 1 4 
a 3 1 4 
a 4 1 4 
a 0 1 5 
a 1 1 5 
a 2 1 5 
a 3 1 5 
a 4 1 5 
a 0 1 6 
a 1 1 6 
a 1 2 0 
a 4 2 0 
a 5 2 0 
a 1 2 1 
a 4 2 1 
a 0 2 2 
a 1 2 2 
a 4 2 2 
h 0 2 3 
a 1 2 3 
a 4 2 3 
h 0 2 4 
a 4 2 4 
h 0 2 5 
a 1 2 5 
a 2 2 5 
a 3 2 5 
a 4 2 5 
a 0 2 6 
a 1 2 6 
a 1 3 0 
a 4 3 0 
a 5 3 0 
a 1 3 1 
a 4 3 1 
a 0 3 2 
a 1 3 2 
a 4 3 2 
h 0 3 3 
a 1 3 3 
a 4 3 3 
h 0 3 4 
a 4 3 4 
h 0 3 5 
a 1 3 5 
a 2 3 5 
a 3 3 5 
a 4 3 5 
a 0 3 6 
a 1 3 6 
a 1 4 0 
a 4 4 0 
a 5 4 0 
a 1 4 1 
a 4 4 1 
a 0 4 2 
a 1 4 2 
a 4 4 2 
c 0 4 3 c8
a 1 4 3 
a 4 4 3 
c 0 4 4 c8
a 1 4 4 
a 4 4 4 
c 0 4 5 c8
a 1 4 5 
a 2 4 5 
a 3 4 5 
a 4 4 5 
a 0 4 6 
a 1 4 6 
a 1 5 0 
a 2 5 0 
a 3 5 0 
a 4 5 0 
a 5 5 0 
a 1 5 1 
a 2 5 1 
a 3 5 1 
a 4 5 1 
a 0 5 2 
a 1 5 2 
a 4 5 2 
a 1 5 3 
a 4 5 3 
a 1 5 4 
a 4 5 4 
a 1 5 5 
a 2 5 5 
a 3 5 5 
a 4 5 5 
a 0 5 6 
a 1 5 6 
a 1 6 0 
a 2 6 0 
a 3 6 0 
a 4 6 0 
a 5 6 0 
a 1 6 1 
a 2 6 1 
a 3 6 1 
a 4 6 1 
a 0 6 2 
a 1 6 2 
a 2 6 2 
a 3 6 2 
a 4 6 2 
a 1 6 3 
a 2 6 3 
a 3 6 3 
a 4 6 3 
d 0 6 4 _c8
a 1 6 4 
a 2 6 4 
a 3 6 4 
a 4 6 4 
a 1 6 5 
a 2 6 5 
a 3 6 5 
a 4 6 5 
a 0 6 6 
a 1 6 6 
a 0 7 2 
a 1 7 2 
a 0 7 3 
a 1 7 3 
a 0 7 4 
a 1 7 4 
a 0 7 5 
a 1 7 5 
a 0 7 6 
a 1 7 6 
a 1 1 -15 
a 2 1 -15 
a 3 1 -15 
a 4 1 -15 
a 5 1 -15 
a 1 1 -14 
a 2 1 -14 
a 3 1 -14 
a 4 1 -14 
a 5 1 -14 
a 1 1 -13 
a 2 1 -13 
a 3 1 -13 
a 4 1 -13 
a 5 1 -13 
a 1 1 -12 
a 2 1 -12 
a 3 1 -12 
a 4 1 -12 
a 5 1 -12 
a 1 1 -11 
a 2 1 -11 
a 3 1 -11 
a 4 1 -11 
a 5 1 -11 
a 6 1 -11 
a 7 1 -11 
a 8 1 -11 
a 1 1 -10 
a 2 1 -10 
a 3 1 -10 
a 4 1 -10 
a 5 1 -10 
a 6 1 -10 
a 7 1 -10 
a 8 1 -10 
a 1 1 -9 
a 2 1 -9 
a 3 1 -9 
a 4 1 -9 
a 5 1 -9 
a 6 1 -9 
a 7 1 -9 
a 8 1 -9 
a 1 1 -8 
a 2 1 -8 
a 3 1 -8 
a 4 1 -8 
a 5 1 -8 
a 6 1 -8 
a 7 1 -8 
a 8 1 -8 
a 9 1 -8 
a 1 1 -7 
a 2 1 -7 
a 3 1 -7 
a 4 1 -7 
a 5 1 -7 
a 6 1 -7 
a 7 1 -7 
a 8 1 -7 
a 9 1 -7 
a 1 1 -6 
a 2 1 -6 
a 3 1 -6 
a 4 1 -6 
a 5 1 -6 
a 6 1 -6 
a 7 1 -6 
a 8 1 -6 
a 9 1 -6 
a 1 1 -5 
a 2 1 -5 
a 3 1 -5 
a 4 1 -5 
a 5 1 -5 
a 6 1 -5 
a 7 1 -5 
a 8 1 -5 
a 1 1 -4 
a 2 1 -4 
a 3 1 -4 
a 4 1 -4 
a 5 1 -4 
a 6 1 -4 
a 7 1 -4 
a 8 1 -4 
a 1 1 -3 
a 2 1 -3 
a 3 1 -3 
a 4 1 -3 
a 5 1 -3 
a 6 1 -3 
a 7 1 -3 
a 8 1 -3 
a 1 1 -2 
a 2 1 -2 
a 3 1 -2 
a 4 1 -2 
a 5 1 -2 
a 6 1 -2 
a 7 1 -2 
a 8 1 -2 
a 1 1 -1 
a 2 1 -1 
a 3 1 -1 
a 4 1 -1 
a 5 1 -1 
a 6 1 -1 
a 7 1 -1 
a 8 1 -1 
a 1 2 -15 
a 2 2 -15 
a 3 2 -15 
a 4 2 -15 
a 5 2 -15 
a 1 2 -14 
i 4 2 -14 
a 5 2 -14 
a 1 2 -13 
e 4 2 -13 d
a 5 2 -13 
a 1 2 -12 
a 2 2 -12 
a 3 2 -12 82
a 4 2 -12 
a 5 2 -12 
a 1 2 -11 
b 4 2 -11 0
a 5 2 -11 
a 6 2 -11 
a 7 2 -11 
a 8 2 -11 
a 1 2 -10 
e 3 2 -10 c
a 5 2 -10 
a 6 2 -10 
e 7 2 -10 b
a 8 2 -10 
a 1 2 -9 
a 5 2 -9 
f 6 2 -9 k1
a 8 2 -9 
a 1 2 -8 
a 2 2 -8 
a 3 2 -8 96
a 4 2 -8 
a 5 2 -8 
a 6 2 -8 
a 8 2 -8 
a 9 2 -8 
a 1 2 -7 
j 5 2 -7 1,96
a 6 2 -7 
a 9 2 -7 
a 1 2 -6 
e 3 2 -6 e
a 5 2 -6 
a 6 2 -6 
a 8 2 -6 
a 9 2 -6 
a 1 2 -5 
a 5 2 -5 
a 8 2 -5 
a 1 2 -4 
a 2 2 -4 
a 3 2 -4 b4
a 4 2 -4 
a 5 2 -4 
a 6 2 -4 
a 8 2 -4 
a 1 2 -3 
d 5 2 -3 _b4
a 6 2 -3 
a 8 2 -3 
a 1 2 -2 
a 6 2 -2 
a 8 2 -2 
a 1 2 -1 
a 5 2 -1 
a 6 2 -1 
a 7 2 -1 
a 8 2 -1 
a 1 3 -15 
a 2 3 -15 
a 3 3 -15 
a 4 3 -15 
a 5 3 -15 
a 1 3 -14 
a 5 3 -14 
a 1 3 -13 
a 5 3 -13 
a 1 3 -12 
a 2 3 -12 
a 3 3 -12 82
a 4 3 -12 
a 5 3 -12 
a 6 3 -12 
a 7 3 -12 
a 8 3 -12 
a 9 3 -12 
a 10 3 -12 
a 11 3 -12 
a 12 3 -12 
a 13 3 -12 
a 14 3 -12 
a 15 3 -12 
a 1 3 -11 
b 4 3 -11 0
a 5 3 -11 
c 6 3 -11 
c 7 3 -11 
c 8 3 -11 
c 9 3 -11 
c 10 3 -11 
c 11 3 -11 
c 12 3 -11 
c 13 3 -11 
c 14 3 -11 
c 15 3 -11 
a 1 3 -10 
a 5 3 -10 
a 6 3 -10 
a 7 3 -10 
a 8 3 -10 
a 9 3 -10 
a 10 3 -10 
a 11 3 -10 
a 12 3 -10 
a 13 3 -10 
a 14 3 -10 
a 15 3 -10 
a 1 3 -9 
a 5 3 -9 
a 8 3 -9 
a 1 3 -8 
a 2 3 -8 
a 3 3 -8 96
a 4 3 -8 
a 5 3 -8 
a 6 3 -8 
a 8 3 -8 
a 9 3 -8 
a 1 3 -7 
a 6 3 -7 
a 9 3 -7 
a 1 3 -6 
a 5 3 -6 
a 6 3 -6 
a 8 3 -6 
a 9 3 -6 
a 1 3 -5 
a 5 3 -5 
a 8 3 -5 
a 1 3 -4 
a 2 3 -4 
a 3 3 -4 b4
a 4 3 -4 
a 5 3 -4 
a 6 3 -4 
a 8 3 -4 
a 1 3 -3 
a 6 3 -3 
a 8 3 -3 
a 1 3 -2 
a 8 3 -2 
a 1 3 -1 
a 5 3 -1 
a 6 3 -1 
a 7 3 -1 
a 8 3 -1 
a 1 4 -15 
a 2 4 -15 
a 3 4 -15 
a 4 4 -15 
a 5 4 -15 
a 1 4 -14 
a 5 4 -14 
a 1 4 -13 
a 5 4 -13 
a 1 4 -12 
a 2 4 -12 
a 3 4 -12 82
a 4 4 -12 
a 5 4 -12 
a 6 4 -12 
a 7 4 -12 
a 8 4 -12 
a 9 4 -12 
a 10 4 -12 
a 11 4 -12 
a 12 4 -12 
a 13 4 -12 
a 14 4 -12 
a 15 4 -12 
a 1 4 -11 
a 1 4 -10 
a 5 4 -10 
a 6 4 -10 
a 7 4 -10 
a 8 4 -10 
a 9 4 -10 
a 10 4 -10 
a 11 4 -10 
a 12 4 -10 
a 13 4 -10 
a 14 4 -10 
a 15 4 -10 
a 1 4 -9 
a 5 4 -9 
a 8 4 -9 
a 1 4 -8 
a 2 4 -8 
a 3 4 -8 96
a 4 4 -8 
a 5 4 -8 
a 6 4 -8 
a 8 4 -8 
a 9 4 -8 
a 1 4 -7 
a 6 4 -7 
a 9 4 -7 
a 1 4 -6 
a 5 4 -6 
a 6 4 -6 
a 8 4 -6 
a 9 4 -6 
a 1 4 -5 
a 5 4 -5 
a 8 4 -5 
a 1 4 -4 
a 2 4 -4 
a 3 4 -4 b4
a 4 4 -4 
a 5 4 -4 
a 6 4 -4 
a 8 4 -4 
a 1 4 -3 
a 6 4 -3 
a 8 4 -3 
a 1 4 -2 
a 8 4 -2 
a 1 4 -1 
a 5 4 -1 
a 6 4 -1 
a 7 4 -1 
a 8 4 -1 
a 1 5 -15 
a 2 5 -15 
a 3 5 -15 
a 4 5 -15 
a 5 5 -15 
a 1 5 -14 
a 5 5 -14 
a 1 5 -13 
a 5 5 -13 
a 1 5 -12 
a 2 5 -12 
a 3 5 -12 
a 4 5 -12 
a 5 5 -12 
a 6 5 -12 
a 7 5 -12 
a 8 5 -12 
a 9 5 -12 
a 10 5 -12 
a 11 5 -12 
a 12 5 -12 
a 13 5 -12 
a 14 5 -12 
a 15 5 -12 
a 1 5 -11 
a 1 5 -10 
a 5 5 -10 
a 6 5 -10 
a 7 5 -10 
a 8 5 -10 
a 9 5 -10 
a 10 5 -10 
a 11 5 -10 
a 12 5 -10 
a 13 5 -10 
a 14 5 -10 
a 15 5 -10 
a 1 5 -9 
a 5 5 -9 
a 8 5 -9 
a 1 5 -8 
a 2 5 -8 
a 3 5 -8 
a 4 5 -8 
a 5 5 -8 
a 6 5 -8 
a 8 5 -8 
a 9 5 -8 
a 1 5 -7 
a 6 5 -7 
a 9 5 -7 
a 1 5 -6 
a 5 5 -6 
a 6 5 -6 
a 8 5 -6 
a 9 5 -6 
a 1 5 -5 
a 5 5 -5 
a 8 5 -5 
a 1 5 -4 
a 2 5 -4 
a 3 5 -4 
a 4 5 -4 
a 5 5 -4 
a 6 5 -4 
a 8 5 -4 
a 1 5 -3 
a 6 5 -3 
a 8 5 -3 
a 1 5 -2 
a 8 5 -2 
a 1 5 -1 
a 5 5 -1 
a 6 5 -1 
a 7 5 -1 
a 8 5 -1 
a 1 6 -15 
a 2 6 -15 
a 3 6 -15 
a 4 6 -15 
a 5 6 -15 
a 1 6 -14 
a 2 6 -14 
a 3 6 -14 
a 4 6 -14 
a 5 6 -14 
a 1 6 -13 
a 2 6 -13 
a 3 6 -13 
a 4 6 -13 
a 5 6 -13 
a 1 6 -12 
a 2 6 -12 
a 3 6 -12 
a 4 6 -12 
a 5 6 -12 
a 6 6 -12 
a 7 6 -12 
a 8 6 -12 
a 9 6 -12 
a 10 6 -12 
a 11 6 -12 
a 12 6 -12 
a 13 6 -12 
a 14 6 -12 
a 15 6 -12 
a 1 6 -11 
a 2 6 -11 
a 3 6 -11 
a 4 6 -11 
a 5 6 -11 
a 6 6 -11 
a 7 6 -11 
a 8 6 -11 
a 9 6 -11 
a 10 6 -11 
a 11 6 -11 
a 12 6 -11 
a 13 6 -11 
a 14 6 -11 
a 15 6 -11 
a 1 6 -10 
a 2 6 -10 
a 3 6 -10 
a 4 6 -10 
a 5 6 -10 
a 6 6 -10 
a 7 6 -10 
a 8 6 -10 
a 9 6 -10 
a 10 6 -10 
a 11 6 -10 
a 12 6 -10 
a 13 6 -10 
a 14 6 -10 
a 15 6 -10 
a 1 6 -9 
a 2 6 -9 
a 3 6 -9 
a 4 6 -9 
a 5 6 -9 
a 6 6 -9 
a 7 6 -9 
a 8 6 -9 
a 1 6 -8 
a 2 6 -8 
a 3 6 -8 
a 4 6 -8 
a 5 6 -8 
a 6 6 -8 
a 7 6 -8 
a 8 6 -8 
a 9 6 -8 
a 1 6 -7 
a 2 6 -7 
a 3 6 -7 
a 4 6 -7 
a 5 6 -7 
a 6 6 -7 
a 7 6 -7 
a 8 6 -7 
a 9 6 -7 
a 1 6 -6 
a 2 6 -6 
a 3 6 -6 
a 4 6 -6 
a 5 6 -6 
a 6 6 -6 
a 7 6 -6 
a 8 6 -6 
a 9 6 -6 
a 1 6 -5 
a 2 6 -5 
a 3 6 -5 
a 4 6 -5 
a 5 6 -5 
a 6 6 -5 
a 7 6 -5 
a 8 6 -5 
a 1 6 -4 
a 2 6 -4 
a 3 6 -4 
a 4 6 -4 
a 5 6 -4 
a 6 6 -4 
a 7 6 -4 
a 8 6 -4 
a 1 6 -3 
a 2 6 -3 
a 3 6 -3 
a 4 6 -3 
a 5 6 -3 
a 6 6 -3 
a 7 6 -3 
a 8 6 -3 
a 1 6 -2 
a 2 6 -2 
a 3 6 -2 
a 4 6 -2 
a 5 6 -2 
a 6 6 -2 
a 7 6 -2 
a 8 6 -2 
a 1 6 -1 
a 2 6 -1 
a 3 6 -1 
a 4 6 -1 
a 5 6 -1 
a 6 6 -1 
a 7 6 -1 
a 8 6 -1 
a 16 3 -12 
a 17 3 -12 
a 18 3 -12 
a 19 3 -12 
a 20 3 -12 
a 21 3 -12 
a 22 3 -12 
c 16 3 -11 
c 17 3 -11 
c 18 3 -11 
c 19 3 -11 
c 20 3 -11 
a 21 3 -11 
a 22 3 -11 
a 16 3 -10 
a 17 3 -10 
a 18 3 -10 
a 19 3 -10 
a 20 3 -10 
a 21 3 -10 
a 22 3 -10 
a 16 4 -12 
a 17 4 -12 
a 18 4 -12 
a 19 4 -12 
a 20 4 -12 
a 21 4 -12 
a 22 4 -12 
d 21 4 -11 _82
a 22 4 -11 
a 16 4 -10 
a 17 4 -10 
a 18 4 -10 
a 19 4 -10 
a 20 4 -10 
a 21 4 -10 
a 22 4 -10 
a 16 5 -12 
a 17 5 -12 
a 18 5 -12 
a 19 5 -12 
a 20 5 -12 
a 21 5 -12 
a 22 5 -12 
a 22 5 -11 
a 16 5 -10 
a 17 5 -10 
a 18 5 -10 
a 19 5 -10 
a 20 5 -10 
a 21 5 -10 
a 22 5 -10 
a 16 6 -12 
a 17 6 -12 
a 18 6 -12 
a 19 6 -12 
a 20 6 -12 
a 21 6 -12 
a 22 6 -12 
a 16 6 -11 
a 17 6 -11 
a 18 6 -11 
a 19 6 -11 
a 20 6 -11 
a 21 6 -11 
a 22 6 -11 
a 16 6 -10 
a 17 6 -10 
a 18 6 -10 
a 19 6 -10 
a 20 6 -10 
a 21 6 -10 
a 22 6 -10 

